0.101311953353
-0.726360237278
-0.423885231225
0.361018402298
0.499995012126
-0.041853683866
-0.407168539653
-0.161208700384
0.238706059652
0.238377226494
-0.071528480769
-0.21864715203
-0.048574480616
0.1462513777
0.107171559966
-0.062312664091
-0.112640813335
-0.005301954692
0.084723328538
0.044396119197
-0.044509224345
-0.055552530722
0.008056508037
0.04685878029
0.01604327138
-0.02866466514
-0.026057398865
0.009810480342
0.02484775699
0.004217573295
-0.017239905852
-0.011464982034
0.007900881524
0.012637274416
-0.000109973723
-0.009840351329
-0.004594327366
0.005436931472
0.006143975424
-0.001289390096
-0.00537190473
-0.001555887406
0.003420855684
0.002831857121
-0.00130291535
-0.002812973797
-0.000328530914
0.002022525742
0.00121625695
-0.000988141836
-0.001411941232
