0.407638514069
-0.668671749214
-0.943437942919
-0.091969147135
0.8659878925
0.787514208003
-0.229902694842
-0.969299948065
-0.549871487873
0.523791474071
0.968713487031
0.256615883337
-0.758861600748
-0.865457634674
0.060545196229
0.910858136155
0.67162985556
-0.36772668048
-0.964603712174
-0.408791647086
0.632481846927
0.915505255185
0.105576893145
-0.827225262042
-0.769921935138
0.205422536883
0.932102018412
0.544368130612
-0.491155724065
-0.93700537055
-0.263648974067
0.721620992221
0.842538480906
-0.04186191617
-0.873011600216
-0.659830198106
0.339504343546
0.930169488348
0.409237264727
-0.597818938488
-0.888094772889
-0.118083017722
0.789868115678
0.752361599895
-0.182316916727
-0.896040457655
-0.538408564595
0.460018672747
0.906047084282
0.269791546944
-0.685842998497
