0.978673469388
0.943870642441
0.896374329393
0.83713133374
0.767235477377
0.687908894982
0.600481900839
0.506371745125
0.407060585748
0.304073006024
0.198953407914
0.093243605274
-0.011539068201
-0.113922835679
-0.212501455915
-0.305952843014
-0.393056091185
-0.472706696133
-0.543929794902
-0.605891277954
-0.657906660676
-0.699447635832
-0.730146263129
-0.749796786671
-0.758355104992
-0.755935951305
-0.742807872915
-0.719386128211
-0.686223646747
-0.644000222416
-0.593510131213
-0.535648383455
-0.471395835268
-0.401803395606
-0.327975572904
-0.251053609642
-0.172198453705
-0.092573812391
-0.013329528546
0.064414491412
0.139583580582
0.21116264433
0.278209339384
0.339865936263
0.39536972428
0.444061842069
0.485394441532
0.518936118763
0.544375571595
0.561523469541
0.570312547623
0.570795960632
0.563143958352
0.547638964878
0.5246691661
0.494720728474
0.458368788994
0.41626737087
0.369138391333
0.317759937422
0.262953992245
0.205573798152
0.146491044439
0.086583065709
0.026720232885
-0.032246287737
-0.089496241018
-0.144251299823
-0.195785250096
-0.2434332169
-0.28659982056
-0.324766169613
-0.35749561585
-0.384438215895
-0.405333863437
-0.420014075848
-0.428402438465
-0.430513728843
-0.426451761582
-0.41640601171
-0.400647090724
-0.37952116416
-0.353443412724
-0.322890650469
-0.288393223068
-0.250526316862
-0.209900814962
-0.167153840226
-0.122939126409
-0.077917358209
-0.032746618386
0.01192692436
0.055477959312
0.097310490016
0.136865692937
0.173629079371
0.207136873525
0.236981532696
0.262816349258
0.284359088535
0.301394631347
0.31377660482
0.321427999842
0.324340787971
0.322574564607
0.31625425848
0.305566959997
0.290757932379
0.272125879781
0.250017555629
0.22482180196
0.196963116775
0.16689485102
0.135092139941
0.102044675096
0.06824942331
0.034203397347
0.000396580109
-0.032694900203
-0.064615252151
-0.094935075403
-0.123256910279
-0.14922021429
-0.172505707033
-0.19283903507
-0.209993719132
-0.223793356992
-0.234113066524
-0.24088016462
-0.244074088586
-0.243725577301
-0.23991513957
-0.232770846687
-0.222465495038
-0.209213192567
-0.193265429979
-0.174906703605
-0.154449761789
-0.132230550489
-0.108602936472
-0.083933287934
-0.05859499275
-0.03296299371
-0.007408418158
0.017706623522
0.042034000131
0.065244217073
0.087030709156
0.107113715446
0.125243689938
0.141204209388
0.154814347636
0.165930494008
0.174447601756
0.180299860937
0.183460798407
0.183942815743
0.181796183649
0.177107518747
0.169997775488
0.160619792093
0.149155434976
0.135812390865
0.120820659784
0.104428805209
0.086900019948
0.068508067681
0.049533160575
0.030257833029
0.010962870355
-0.00807665081
-0.026595156392
-0.044340152589
-0.061075541082
-0.076584630169
-0.090672805427
-0.103169829156
-0.11393174379
-0.122842360627
-0.129814321522
-0.134789727552
-0.137740334923
-0.138667324574
-0.137600657836
-0.134598036156
-0.129743488139
-0.123145611952
-0.114935505485
-0.105264420369
-0.094301179145
-0.082229397404
-0.069244554586
-0.055550958378
-0.041358648182
-0.026880283028
-0.012328058571
0.002089303565
0.01616945279
0.029719154071
0.042556844172
0.054514967233
0.065442061146
0.075204570349
0.083688365063
0.090799951613
0.096467363178
0.100640725133
0.103292493843
0.104417372497
0.104031912059
0.102173809732
0.098900921379
0.094290008038
0.088435240082
0.081446485444
0.073447410908
0.064573427469
0.054969512337
0.044787941214
0.034185965047
0.023323465502
0.012360622995
0.001455630199
-0.009237517384
-0.019571123996
-0.029405761671
-0.03861207863
-0.047072425668
-0.054682281287
-0.061351459552
-0.067005088138
-0.071584347522
-0.075046965917
-0.077367468089
-0.078537179776
-0.078563992859
-0.077471899724
-0.07530030837
-0.072103152686
-0.067947814935
-0.062913879777
-0.057091741172
-0.050581085125
-0.043489272521
-0.035929647194
-0.028019794919
-0.019879779148
-0.011630379102
-0.003391355252
0.004720233707
0.012591639534
0.02011593745
0.027193423984
0.033732882219
0.039652699246
0.044881823078
0.049360548829
0.053041126596
0.055888186209
0.057878976695
0.059003421012
0.059263989197
0.058675395622
0.057264128412
0.055067821297
0.052134480214
0.048521578753
0.044295038125
0.039528108638
0.034300170692
0.028695474096
0.022801834943
0.016709309526
0.010508864633
0.004291063246
-0.00185521598
-0.007844007963
-0.013593422739
-0.019026724232
-0.02407331266
-0.028669598629
-0.032759758805
-0.036296364916
-0.039240879846
-0.041564016575
-0.043245957806
-0.044276436095
-0.044654676343
-0.044389204391
-0.043497527299
-0.0420056926
-0.039947735384
-0.037365023471
-0.034305512172
-0.030822921171
-0.026975846906
-0.022826824465
-0.018441353419
-0.013886902236
-0.009231905893
-0.004544771118
0.00010709676
0.004658231945
0.009045998701
0.013211422592
0.017099951887
0.020662139763
0.023854239295
0.026638704625
0.028984593164
0.030867865229
0.032271579022
0.033185980421
0.033608488539
0.033543579479
0.033002572118
0.032003321055
0.030569823073
0.028731744557
0.026523878289
0.023985538861
0.021159906604
0.018093330486
0.014834600778
0.011434202467
0.007943560483
0.00441428763
0.00089744589
-0.002557168685
-0.005901707802
-0.0090909105
-0.012082692241
-0.014838676232
-0.017324660632
-0.019511016369
-0.021373011379
-0.02289105822
-0.024050883183
-0.024843616144
-0.02526580159
-0.025319332334
-0.025011308508
-0.024353825442
-0.023363694958
-0.022062105477
-0.020474227066
-0.018628768238
-0.016557491831
-0.014294697736
-0.011876680543
-0.009341170355
-0.006726765102
-0.004072362601
-0.001416600461
0.00120268836
0.003748996937
0.006187635763
0.008486187782
0.010614921376
0.012547156312
0.01425957845
0.015732499832
0.016950061592
0.017900378045
0.018575621144
0.01897204537
0.019089953984
0.018933608365
0.018511082937
0.017834068912
0.016917630735
0.015779919711
0.014441849789
0.012926740945
0.011259935916
0.009468396315
0.007580284315
0.005624536167
0.003630433791
0.001627180586
-0.000356512595
-0.002292825635
-0.004155206165
-0.005918720492
-0.007560374002
-0.009059397128
-0.010397493548
-0.011559047875
-0.01253129077
-0.01330442001
-0.013871676739
-0.014229376778
-0.014376897494
-0.014316621369
-0.014053838003
-0.013596606813
-0.012955583242
-0.012143811718
-0.011176489023
-0.010070702064
-0.008845144344
-0.007519815596
-0.006115709239
-0.004654492351
-0.003158182875
-0.001648828723
-0.000148193286
0.001322548289
0.002743097979
0.004094305113
0.005358414506
0.006519289441
0.007562606853
0.00847602253
0.009249304633
0.009874434292
0.010345672555
0.010659593459
0.010815083469
0.010813308015
0.010657646295
0.010353595967
0.009908649709
0.009332146016
0.008635096904
0.007829995471
0.006930606469
0.005951743253
0.00490903455
0.003818684602
0.002697230229
0.001561298341
0.000427367335
-0.0006884643
-0.001770699039
-0.002804648107
-0.003776623321
-0.004674110599
-0.005485923054
-0.00620233193
-0.006815173994
-0.007317934348
-0.007705804012
-0.007975712
-0.008126331969
-0.008158063889
-0.008072991535
-0.007874816915
-0.007568773065
-0.007161516901
-0.006661004097
-0.00607634814
-0.005417665911
-0.004695912273
-0.003922706262
-0.00311015153
-0.002270653716
-0.001416737418
-0.000560865368
0.000284737647
0.00110825373
0.00189843142
0.002644733771
0.003337473106
0.003967930807
0.004528460751
0.005012575285
0.00541501286
0.005731786787
0.005960214796
0.006098929394
0.006147869299
0.006108252447
0.005982531382
0.005774332008
0.005488376956
0.005130394967
0.004707017891
0.004225667019
0.003694430616
0.003121934553
0.002517208062
0.001889546603
0.001248373867
0.000603104902
-0.000036987728
-0.000662902895
-0.001266033242
-0.001838279316
-0.002372154024
-0.00286087615
-0.003298451832
-0.003679743091
-0.004000522713
-0.004257515003
-0.004448422117
-0.004571935917
-0.004627735488
-0.004616470649
-0.004539732005
-0.004400008233
