1
0.999214847521
0.99828817452
0.997220315311
0.996011623883
0.994662473829
0.993173258254
0.991544389702
0.989776300059
0.987869440473
0.985824281255
0.983641311789
0.981321040433
0.978863994417
0.976270719749
0.973541781099
0.9706777617
0.967679263236
0.964546905729
0.961281327424
0.957883184672
0.954353151815
0.950691921055
0.946900202338
0.942978723222
0.938928228753
0.934749481329
0.930443260567
0.926010363171
0.921451602789
0.916767809875
0.911959831549
0.907028531446
0.901974789575
0.896799502166
0.891503581523
0.886087955867
0.880553569181
0.874901381056
0.86913236653
0.863247515924
0.857247834683
0.851134343209
0.844908076695
0.838570084952
0.832121432246
0.825563197117
0.818896472212
0.812122364102
0.805241993109
0.798256493128
0.791167011438
0.783974708527
0.776680757903
0.769286345911
0.761792671543
0.754200946247
0.746512393743
0.738728249822
0.730849762161
0.722878190121
0.714814804554
0.706660887606
0.698417732513
0.690086643406
0.681668935109
0.673165932931
0.664578972466
0.655909399388
0.647158569242
0.638327847237
0.629418608039
0.620432235561
0.611370122749
0.602233671375
0.593024291821
0.583743402867
0.574392431474
0.564972812573
0.555485988843
0.545933410502
0.536316535079
0.526636827206
0.516895758389
0.507094806796
0.497235457033
0.487319199922
0.477347532281
0.467321956702
0.457243981326
0.447115119622
0.436936890164
0.426710816404
0.416438426449
0.406121252837
0.395760832311
0.385358705595
0.374916417165
0.364435515028
0.35391755049
0.343364077937
0.332776654603
0.322156840344
0.311506197417
0.300826290246
0.290118685202
0.279384950372
0.268626655335
0.257845370937
0.247042669061
0.236220122404
0.225379304253
0.214521788254
0.203649148193
0.192762957767
0.181864790361
0.170956218824
0.160038815244
0.149114150727
0.138183795172
0.127249317049
0.116312283177
0.105374258504
0.094436805886
0.083501485866
0.072569856452
0.061643472905
0.050723887515
0.039812649385
0.028911304216
0.018021394091
0.007144457258
-0.003717972085
-0.014564363996
-0.025393193011
-0.036202938349
-0.046992084124
-0.057759119556
-0.068502539177
-0.079220843038
-0.089912536921
-0.100576132534
-0.111210147726
-0.121813106681
-0.132383540124
-0.142919985522
-0.15342098728
-0.163885096942
-0.174310873386
-0.184696883017
-0.195041699968
-0.205343906284
-0.215602092118
-0.225814855921
-0.235980804627
-0.246098553844
-0.256166728035
-0.266183960704
-0.276148894579
-0.286060181789
-0.295916484049
-0.305716472829
-0.31545882954
-0.325142245698
-0.334765423103
-0.344327074007
-0.353825921283
-0.363260698595
-0.372630150558
-0.381933032905
-0.39116811265
-0.400334168245
-0.40942998974
-0.418454378936
-0.427406149546
-0.436284127339
-0.445087150297
-0.453814068759
-0.462463745571
-0.471035056228
-0.479526889018
-0.487938145161
-0.496267738948
-0.504514597879
-0.512677662794
-0.520755888007
-0.528748241438
-0.536653704736
-0.54447127341
-0.552199956949
-0.559838778944
-0.56738677721
-0.574843003898
-0.582206525617
-0.589476423538
-0.596651793511
-0.603731746172
-0.610715407045
-0.61760191665
-0.624390430604
-0.631080119715
-0.637670170085
-0.644159783202
-0.650548176029
-0.656834581099
-0.663018246599
-0.669098436456
-0.675074430417
-0.680945524134
-0.686711029238
-0.692370273418
-0.69792260049
-0.703367370468
-0.708703959638
-0.713931760615
-0.719050182415
-0.724058650509
-0.728956606885
-0.733743510105
-0.738418835356
-0.742982074502
-0.747432736134
-0.751770345614
-0.755994445122
-0.760104593695
-0.764100367265
-0.767981358697
-0.771747177826
-0.77539745148
-0.778931823518
-0.782349954853
-0.785651523473
-0.788836224467
-0.791903770043
-0.794853889543
-0.79768632946
-0.800400853447
-0.802997242327
-0.8054752941
-0.807834823949
-0.810075664238
-0.812197664516
-0.814200691509
-0.816084629119
-0.817849378414
-0.819494857618
-0.821021002096
-0.822427764342
-0.823715113961
-0.824883037648
-0.825931539162
-0.826860639309
-0.827670375908
-0.828360803763
-0.828931994634
-0.829384037197
-0.829717037012
-0.829931116483
-0.830026414813
-0.830003087965
-0.829861308611
-0.829601266089
-0.829223166347
-0.828727231894
-0.82811370174
-0.827382831343
-0.826534892546
-0.825570173518
-0.824488978684
-0.823291628664
-0.821978460202
-0.820549826093
-0.819006095114
-0.817347651943
-0.815574897088
-0.8136882468
-0.811688132997
-0.809575003177
-0.807349320334
-0.805011562865
-0.802562224487
-0.800001814138
-0.797330855887
-0.794549888835
-0.791659467018
-0.788660159306
-0.785552549301
-0.782337235232
-0.779014829848
-0.775585960314
-0.772051268096
-0.768411408849
-0.764667052309
-0.76081888217
-0.756867595971
-0.752813904975
-0.748658534048
-0.744402221538
-0.740045719148
-0.735589791808
-0.731035217553
-0.726382787387
-0.721633305154
-0.716787587408
-0.711846463271
-0.706810774305
-0.701681374366
-0.696459129472
-0.691144917657
-0.685739628831
-0.680244164635
-0.674659438295
-0.668986374476
-0.663225909134
-0.657378989366
-0.651446573258
-0.645429629732
-0.639329138396
-0.633146089385
-0.626881483205
-0.620536330578
-0.614111652281
-0.607608478985
-0.601027851096
-0.594370818593
-0.587638440861
-0.580831786529
-0.573951933305
-0.566999967807
-0.559976985395
-0.552884090005
-0.545722393977
-0.538493017883
-0.531197090359
-0.52383574793
-0.516410134836
-0.508921402857
-0.501370711143
-0.493759226031
-0.486088120872
-0.478358575854
-0.470571777822
-0.4627289201
-0.454831202311
-0.446879830197
-0.438876015439
-0.430820975472
-0.422715933309
-0.414562117353
-0.406360761215
-0.398113103536
-0.389820387792
-0.381483862122
-0.373104779134
-0.364684395723
-0.356223972888
-0.34772477554
-0.339188072323
-0.330615135421
-0.322007240376
-0.313365665901
-0.304691693687
-0.295986608225
-0.287251696611
-0.278488248362
-0.269697555228
-0.260880911005
-0.252039611345
-0.243174953571
-0.234288236489
-0.225380760199
-0.216453825909
-0.207508735747
-0.198546792574
-0.189569299796
-0.18057756118
-0.171572880663
-0.162556562171
-0.153529909428
-0.144494225772
-0.135450813971
-0.126400976034
-0.117346013032
-0.108287224907
-0.099225910294
-0.090163366334
-0.081100888489
-0.072039770367
-0.062981303532
-0.053926777327
-0.04487747869
-0.035834691979
-0.026799698785
-0.01777377776
-0.008758204434
0.000245748961
0.009236813667
0.018213724578
0.027175220415
0.036120043897
0.045046941923
0.053954665736
0.062841971099
0.071707618468
0.080550373159
0.089369005518
0.098162291091
0.10692901079
0.11566795106
0.124377904044
0.133057667746
0.141706046197
0.150321849615
0.158903894567
0.167451004129
0.175962008043
0.184435742876
0.192871052178
0.201266786633
0.209621804216
0.217934970345
0.226205158032
0.234431248033
0.242612128998
0.250746697615
0.258833858759
0.266872525638
0.274861619932
0.282800071938
0.290686820708
0.298520814191
0.306301009368
0.31402637239
0.32169587871
0.329308513218
0.336863270371
0.344359154325
0.351795179061
0.359170368512
0.366483756691
0.37373438781
0.380921316407
0.38804360746
0.395100336512
0.402090589783
0.409013464288
0.415868067949
0.422653519709
0.429368949638
0.436013499046
0.442586320586
0.449086578359
0.455513448021
0.461866116879
0.468143783992
0.474345660272
0.480470968574
0.486518943793
0.492488832959
0.498379895319
0.504191402434
0.509922638261
0.515572899238
0.521141494364
0.526627745288
0.532030986378
0.537350564803
0.542585840609
0.547736186788
0.552800989351
0.557779647398
0.562671573185
0.567476192187
0.572192943163
0.576821278217
0.581360662856
0.585810576049
0.590170510279
0.594439971602
0.598618479692
0.602705567892
0.606700783264
0.610603686629
0.614413852615
0.618130869695
0.621754340226
0.625283880489
0.62871912072
0.632059705144
0.635305292007
0.638455553605
0.641510176309
0.644468860589
0.647331321042
0.650097286405
0.652766499578
0.655338717642
0.657813711868
0.660191267734
0.662471184936
0.66465327739
0.666737373246
0.668723314886
0.670610958932
0.672400176239
0.674090851902
0.675682885241
0.677176189808
0.678570693367
0.679866337893
0.681063079552
0.682160888697
0.683159749841
0.684059661648
0.684860636906
0.685562702512
0.686165899441
0.686670282726
0.687075921424
0.687382898593
0.687591311256
0.687701270366
0.687712900774
0.687626341189
0.687441744139
0.68715927593
0.6867791166
0.686301459878
0.685726513134
0.685054497329
0.684285646968
0.683420210043
0.68245844798
0.681400635583
0.680247060976
0.67899802554
0.677653843855
0.676214843634
0.674681365657
0.673053763705
0.671332404492
0.66951766759
0.66760994536
0.665609642879
0.663517177858
0.661332980573
0.659057493776
0.656691172622
0.654234484582
0.65168790936
0.649051938807
0.646327076834
0.643513839321
0.640612754028
0.637624360502
0.634549209983
0.631387865311
0.628140900825
0.624808902266
0.621392466679
0.617892202311
0.614308728507
0.610642675604
0.606894684832
0.603065408199
0.599155508387
0.595165658642
0.591096542662
0.586948854482
0.582723298366
0.578420588688
0.574041449814
0.569586615988
0.565056831211
0.560452849123
0.555775432878
0.551025355025
0.546203397381
0.54131035091
0.536347015595
0.531314200308
0.526212722689
0.52104340901
0.515807094047
0.510504620951
0.505136841112
0.499704614028
0.49420880717
0.488650295846
0.483029963067
0.477348699408
0.471607402872
0.465806978748
0.459948339474
0.454032404497
0.448060100128
0.442032359407
0.435950121951
0.429814333818
0.423625947358
0.417385921074
0.411095219467
0.4047548129
0.398365677443
0.391928794731
0.385445151812
0.378915741002
0.372341559733
0.365723610403
0.359062900229
0.352360441094
0.345617249395
0.338834345895
0.332012755567
0.325153507443
0.318257634465
0.311326173324
0.304360164315
0.29736065118
0.29032868095
0.283265303799
0.276171572883
0.269048544189
0.261897276376
0.254718830626
0.247514270486
0.240284661709
0.233031072107
0.225754571388
0.218456231004
0.211137123996
0.203798324838
0.196440909278
0.189065954191
0.181674537415
0.174267737599
0.166846634051
0.159412306577
0.151965835332
0.144508300661
0.137040782946
0.129564362452
0.122080119174
0.11458913268
0.107092481961
0.099591245276
0.092086499999
0.084579322466
0.077070787826
0.069561969884
0.062053940956
0.054547771712
0.047044531028
0.039545285837
0.03205110098
0.024563039051
0.017082160259
0.009609522268
0.002146180061
-0.005306814215
-0.012748411392
-0.020177565426
-0.027593233543
-0.034994376382
-0.042379958141
-0.049748946716
-0.057100313847
-0.064433035256
-0.071746090788
-0.079038464556
-0.08630914507
-0.093557125386
-0.100781403233
-0.107980981159
-0.115154866659
-0.122302072313
-0.12942161592
-0.136512520629
-0.143573815074
-0.150604533499
-0.157603715894
-0.164570408122
-0.171503662044
-0.17840253565
-0.18526609318
-0.192093405255
-0.198883548993
-0.205635608138
-0.212348673178
-0.219021841466
-0.225654217339
-0.232244912236
-0.238793044813
-0.245297741063
-0.251758134425
-0.258173365899
-0.264542584162
-0.27086494567
-0.277139614776
-0.283365763832
-0.289542573299
-0.295669231851
-0.301744936479
-0.307768892594
-0.313740314131
-0.319658423642
-0.325522452405
-0.331331640511
-0.337085236966
-0.342782499786
-0.348422696084
-0.35400510217
-0.359529003633
-0.364993695436
-0.370398482
-0.375742677292
-0.381025604906
-0.386246598148
-0.391405000119
-0.39650016379
-0.401531452087
-0.406498237959
-0.411399904463
-0.416235844829
-0.421005462537
-0.425708171388
-0.43034339557
-0.434910569725
-0.439409139019
-0.443838559202
-0.448198296674
-0.452487828543
-0.456706642685
-0.460854237803
-0.464930123482
-0.468933820245
-0.472864859603
-0.47672278411
-0.480507147408
-0.484217514278
-0.487853460688
-0.491414573832
-0.494900452177
-0.498310705503
-0.501644954945
-0.504902833025
-0.508083983694
-0.511188062364
-0.514214735943
-0.517163682861
-0.520034593104
-0.522827168243
-0.525541121454
-0.528176177548
-0.530732072992
-0.533208555928
-0.535605386196
-0.537922335348
-0.540159186666
-0.542315735175
-0.544391787657
-0.546387162661
-0.548301690511
-0.550135213316
-0.551887584972
-0.55355867117
-0.555148349395
-0.556656508931
-0.558083050853
-0.559427888031
-0.560690945123
-0.561872158569
-0.562971476582
-0.563988859141
-0.564924277978
-0.565777716566
-0.566549170104
-0.567238645504
-0.567846161368
-0.568371747972
-0.568815447246
-0.569177312748
-0.569457409643
-0.569655814674
-0.569772616139
-0.569807913856
-0.569761819138
-0.569634454756
-0.569425954909
-0.569136465186
-0.56876614253
-0.568315155199
-0.567783682726
-0.567171915877
-0.566480056608
-0.565708318021
-0.564856924316
-0.563926110744
-0.562916123557
-0.56182721996
-0.560659668055
-0.559413746787
-0.558089745893
-0.556687965841
-0.555208717774
-0.55365232345
-0.552019115178
-0.550309435762
-0.54852363843
-0.546662086773
-0.544725154677
-0.542713226256
-0.540626695781
-0.538465967609
-0.536231456112
-0.533923585604
-0.531542790266
-0.529089514068
-0.526564210695
-0.523967343463
-0.521299385247
-0.518560818392
-0.515752134636
-0.512873835023
-0.509926429822
-0.506910438435
-0.503826389317
-0.500674819882
-0.497456276417
-0.494171313987
-0.490820496351
-0.487404395859
-0.483923593367
-0.480378678137
-0.476770247741
-0.473098907968
-0.469365272719
-0.465569963915
-0.46171361139
-0.457796852796
-0.453820333496
-0.449784706462
-0.445690632176
-0.441538778515
-0.437329820655
-0.433064440957
-0.428743328866
-0.424367180794
-0.41993670002
-0.415452596572
-0.410915587121
-0.406326394866
-0.401685749424
-0.396994386716
-0.392253048851
-0.387462484013
-0.382623446347
-0.377736695839
-0.372802998202
-0.367823124757
-0.362797852318
-0.357727963069
-0.352614244447
-0.347457489021
-0.342258494373
-0.337018062977
-0.331737002074
-0.326416123557
-0.321056243839
-0.315658183739
-0.310222768352
-0.30475082693
-0.299243192754
-0.293700703011
-0.288124198669
-0.28251452435
-0.276872528207
-0.271199061795
-0.265494979946
-0.259761140644
-0.253998404893
-0.248207636595
-0.24238970242
-0.23654547168
-0.230675816198
-0.224781610182
-0.218863730098
-0.212923054541
-0.206960464102
-0.200976841248
-0.194973070187
-0.188950036739
-0.182908628211
-0.176849733268
-0.170774241799
-0.164683044795
-0.158577034216
-0.152457102862
-0.146324144248
-0.140179052471
-0.134022722086
-0.127856047974
-0.121679925214
-0.115495248959
-0.109302914302
-0.103103816154
-0.096898849111
-0.090688907334
-0.084474884414
-0.078257673251
-0.072038165923
-0.065817253566
-0.059595826242
-0.053374772816
-0.04715498083
-0.040937336383
-0.034722723996
-0.0285120265
-0.022306124905
-0.016105898278
-0.009912223621
-0.003725975749
0.002451972831
0.008620752044
0.014779494365
0.02092733494
0.027063411706
0.033186865512
0.039296840232
0.045392482889
0.051472943768
0.057537376537
0.063584938356
0.069614789999
0.075626095967
0.0816180246
0.087589748192
0.093540443102
0.099469289867
0.105375473314
0.111258182667
0.11711661166
0.122949958644
0.128757426693
0.134538223716
0.140291562557
0.146016661106
0.151712742399
0.157379034726
0.163014771728
0.168619192504
0.174191541709
0.179731069655
0.185237032409
0.190708691892
0.196145315975
0.201546178576
0.206910559756
0.212237745808
0.217527029357
0.222777709448
0.227989091635
0.233160488076
0.238291217618
0.243380605886
0.248427985368
0.253432695504
0.258394082766
0.263311500746
0.268184310232
0.273011879297
0.277793583369
0.282528805321
0.287216935537
0.291857371996
0.296449520347
0.300992793977
0.30548661409
0.309930409775
0.314323618077
0.318665684067
0.322956060908
0.327194209922
0.331379600658
0.335511710951
0.33959002699
0.343614043374
0.347583263176
0.351497198003
0.355355368048
0.359157302151
0.362902537853
0.366590621449
0.370221108039
0.373793561581
0.377307554941
0.380762669939
0.384158497397
0.387494637186
0.390770698266
0.393986298734
0.397141065863
0.400234636142
0.403266655315
0.406236778417
0.409144669813
0.411990003231
0.414772461794
0.417491738054
0.42014753402
0.422739561191
0.425267540578
0.427731202735
0.430130287782
0.432464545428
0.434733734995
0.436937625436
0.439075995356
0.44114863303
0.443155336416
0.445095913176
0.446970180685
0.448777966045
0.450519106095
0.452193447421
0.453800846363
0.455341169023
0.456814291269
0.458220098742
0.459558486851
0.460829360782
0.462032635494
0.463168235716
0.464236095946
0.465236160445
0.466168383233
0.46703272808
0.467829168497
0.468557687725
0.469218278727
0.469810944174
0.470335696426
0.470792557523
0.471181559165
0.471502742694
0.471756159073
0.471941868867
0.47205994222
0.472110458832
0.472093507931
0.472009188251
0.471857608001
0.471638884838
0.471353145835
0.471000527451
0.470581175496
0.470095245102
0.469542900679
0.468924315887
0.468239673593
0.467489165831
0.466672993765
0.465791367647
0.464844506771
0.463832639429
0.46275600287
0.461614843249
0.46040941558
0.459139983688
0.457806820159
0.456410206285
0.454950432018
0.453427795909
0.451842605059
0.450195175059
0.448485829935
0.44671490209
0.444882732242
0.442989669364
0.441036070628
0.439022301333
0.436948734849
0.434815752548
0.43262374374
0.430373105605
0.428064243125
0.425697569018
0.423273503663
0.420792475032
0.418254918619
0.415661277366
0.413012001588
0.410307548899
0.407548384136
0.404734979285
0.401867813399
0.398947372523
0.395974149612
0.392948644454
0.389871363585
0.386742820211
0.38356353412
0.380334031607
0.377054845379
0.373726514477
0.37034958419
0.366924605963
0.363452137316
0.359932741749
0.35636698866
0.352755453249
0.349098716433
0.34539736475
0.341651990272
0.337863190508
0.334031568314
0.3301577318
0.32624229423
0.322285873936
0.318289094216
0.314252583237
0.310176973945
0.306062903961
0.301911015489
0.297721955212
0.293496374197
0.289234927797
0.284938275547
0.280607081067
0.276242011961
0.271843739715
0.267412939597
0.262950290555
0.258456475113
0.25393217927
0.249378092398
0.244794907135
0.240183319288
0.235544027722
0.230877734261
0.226185143581
0.221466963106
0.216723902904
0.211956675579
0.207165996169
0.202352582041
0.197517152779
0.192660430087
0.187783137675
0.182886001158
0.177969747948
0.173035107147
0.168082809441
0.163113586994
0.158128173341
0.15312730328
0.148111712767
0.14308213881
0.13803931936
0.132983993205
0.127916899865
0.122838779483
0.117750372719
0.112652420645
0.10754566464
0.102430846276
0.097308707223
0.092179989132
0.08704543354
0.081905781754
0.076761774753
0.071614153078
0.066463656731
0.061311025067
0.056156996689
0.051002309347
0.045847699831
0.040693903868
0.03554165602
0.030391689576
0.025244736456
0.020101527103
0.014962790385
0.009829253488
0.004701641819
-0.000419321096
-0.005532913712
-0.01063841657
-0.015735112388
-0.020822286169
-0.025899225294
-0.030965219624
-0.036019561593
-0.041061546312
-0.046090471661
-0.051105638386
-0.056106350196
-0.061091913858
-0.066061639289
-0.071014839653
-0.075950831456
-0.080868934633
-0.085768472645
-0.090648772568
-0.095509165187
-0.100348985082
-0.105167570721
-0.109964264547
-0.114738413067
-0.11948936694
-0.124216481062
-0.128919114654
-0.133596631345
-0.138248399261
-0.142873791102
-0.147472184231
-0.152042960754
-0.1565855076
-0.161099216606
-0.16558348459
-0.170037713436
-0.174461310172
-0.178853687041
-0.183214261584
-0.187542456715
-0.191837700791
-0.196099427692
-0.200327076887
-0.204520093514
-0.208677928445
-0.212800038358
-0.216885885806
-0.220934939288
-0.224946673313
-0.228920568467
-0.23285611148
-0.236752795288
-0.240610119102
-0.244427588462
-0.248204715306
-0.251941018027
-0.255636021534
-0.259289257309
-0.262900263465
-0.266468584804
-0.26999377287
-0.273475386006
-0.276912989405
-0.280306155163
-0.283654462331
-0.286957496964
-0.290214852173
-0.293426128167
-0.296590932307
-0.299708879147
-0.302779590481
-0.305802695384
-0.308777830259
-0.311704638876
-0.314582772409
-0.317411889482
-0.320191656201
-0.322921746197
-0.325601840655
-0.328231628354
-0.330810805697
-0.333339076748
-0.335816153258
-0.338241754699
-0.340615608291
-0.342937449031
-0.34520701972
-0.347424070986
-0.349588361312
-0.351699657057
-0.353757732479
-0.355762369755
-0.357713359002
-0.359610498295
-0.361453593684
-0.363242459211
-0.364976916926
-0.366656796899
-0.368281937234
-0.36985218408
-0.371367391641
-0.372827422189
-0.374232146067
-0.375581441699
-0.376875195595
-0.378113302356
-0.379295664677
-0.380422193349
-0.381492807263
-0.382507433405
-0.38346600686
-0.384368470807
-0.385214776514
-0.386004883337
-0.386738758712
-0.38741637815
-0.388037725227
-0.388602791574
-0.38911157687
-0.389564088829
-0.389960343185
-0.390300363683
-0.39058418206
-0.390811838032
-0.390983379275
-0.391098861407
-0.39115834797
-0.391161910409
-0.391109628049
-0.391001588077
-0.39083788551
-0.390618623181
-0.390343911703
-0.39001386945
-0.389628622523
-0.389188304725
-0.38869305753
-0.38814303005
-0.387538379006
-0.386879268691
-0.38616587094
-0.38539836509
-0.384576937947
-0.383701783748
-0.382773104124
-0.381791108056
-0.380756011839
-0.379668039041
-0.378527420457
-0.37733439407
-0.376089205002
-0.374792105473
-0.373443354755
-0.37204321912
-0.370591971797
-0.369089892921
-0.367537269485
-0.365934395285
-0.364281570872
-0.3625791035
-0.360827307069
-0.359026502075
-0.35717701555
-0.355279181011
-0.3533333384
-0.351339834025
-0.349299020507
-0.347211256714
-0.345076907707
-0.342896344673
-0.340669944869
-0.338398091555
-0.336081173933
-0.333719587083
-0.331313731897
-0.328864015014
-0.326370848755
-0.323834651055
-0.321255845393
-0.318634860729
-0.315972131429
-0.313268097201
-0.310523203018
-0.307737899054
-0.304912640608
-0.302047888032
-0.29914410666
-0.296201766732
-0.293221343321
-0.290203316259
-0.287148170061
-0.284056393849
-0.280928481277
-0.277764930451
-0.274566243854
-0.271332928268
-0.268065494695
-0.264764458277
-0.261430338218
-0.258063657705
-0.254664943823
-0.251234727481
-0.247773543325
-0.244281929659
-0.240760428364
-0.23720958481
-0.233629947782
-0.230022069389
-0.226386504983
-0.222723813079
-0.219034555262
-0.215319296113
-0.211578603114
-0.207813046572
-0.204023199526
-0.200209637666
-0.196372939245
-0.192513684995
-0.188632458035
-0.184729843793
-0.18080642991
-0.176862806161
-0.172899564362
-0.168917298286
-0.164916603572
-0.160898077641
-0.156862319608
-0.152809930189
-0.14874151162
-0.144657667564
-0.140559003025
-0.136446124257
-0.132319638681
-0.12818015479
-0.124028282066
-0.11986463089
-0.115689812449
-0.111504438658
-0.107309122059
-0.103104475744
-0.098891113257
-0.094669648516
-0.090440695713
-0.086204869237
-0.081962783579
-0.077715053246
-0.073462292675
-0.069205116144
-0.064944137681
-0.060679970985
-0.056413229332
-0.052144525489
-0.047874471629
-0.043603679245
-0.039332759062
-0.03506232095
-0.030792973841
-0.026525325641
-0.022259983148
-0.017997551961
-0.013738636402
-0.009483839426
-0.005233762541
-0.000989005722
0.003249832672
0.007482155981
0.011707369326
0.015924879695
0.020134096019
0.024334429258
0.028525292481
0.032706100948
0.036876272186
0.041035226074
0.045182384922
0.049317173545
0.053439019348
0.0575473524
0.061641605511
0.065721214313
0.069785617333
0.073834256071
0.077866575074
0.081882022011
0.08588004775
0.089860106427
0.093821655526
0.097764155944
0.10168707207
0.105589871849
0.109472026863
0.113333012391
0.117172307484
0.120989395035
0.124783761842
0.128554898683
0.132302300377
0.136025465852
0.139723898211
0.143397104799
0.147044597264
0.150665891622
0.15426050832
0.157827972297
0.161367813048
0.164879564681
0.168362765982
0.171816960467
0.175241696448
0.178636527084
0.182001010445
0.18533470956
0.188637192478
0.191908032321
0.195146807338
0.198353100957
0.201526501837
0.20466660392
0.207773006481
0.210845314179
0.213883137104
0.216886090823
0.219853796434
0.222785880604
0.225681975619
0.228541719429
0.231364755687
0.234150733799
0.236899308958
0.239610142191
0.242282900395
0.244917256379
0.2475128889
0.250069482703
0.252586728555
0.255064323282
0.257501969802
0.259899377161
0.262256260565
0.26457234141
0.266847347316
0.269081012154
0.271273076077
0.273423285548
0.275531393366
0.277597158695
0.279620347085
0.2816007305
0.283538087339
0.285432202461
0.287282867205
0.289089879408
0.29085304343
0.292572170169
0.29424707708
0.295877588188
0.297463534111
0.299004752069
0.300501085898
0.301952386067
0.303358509684
0.304719320514
0.306034688981
0.307304492184
0.308528613901
0.309706944597
0.310839381429
0.311925828256
0.312966195635
0.313960400831
0.314908367818
0.315810027276
0.316665316598
0.317474179884
0.31823656794
0.318952438281
0.319621755118
0.320244489362
0.320820618615
0.321350127163
0.321833005971
0.322269252672
0.32265887156
0.32300187358
0.323298276315
0.323548103975
0.323751387385
0.323908163969
0.324018477738
0.324082379273
0.324099925707
0.324071180709
0.323996214468
0.323875103666
0.323707931468
0.323494787492
0.323235767793
0.322930974836
0.322580517476
0.322184510929
0.321743076752
0.32125634281
0.320724443254
0.320147518491
0.319525715155
0.318859186076
0.318148090253
0.317392592817
0.316592865006
0.315749084122
0.314861433508
0.313930102505
0.312955286419
0.311937186486
0.310876009834
0.309771969442
0.308625284107
0.3074361784
0.306204882628
0.304931632789
0.303616670538
0.302260243135
0.300862603409
0.299424009711
0.297944725869
0.296425021143
0.294865170179
0.293265452962
0.291626154768
0.289947566117
0.288229982722
0.28647370544
0.284679040225
0.282846298071
0.280975794966
0.279067851837
0.277122794495
0.275140953587
0.273122664539
0.2710682675
0.268978107287
0.266852533333
0.264691899624
0.26249656465
0.260266891339
0.258003247004
0.255706003284
0.253375536084
0.251012225513
0.248616455828
0.246188615371
0.243729096507
0.241238295563
0.238716612766
0.236164452181
0.233582221646
0.23097033271
0.228329200568
0.225659243997
0.22296088529
0.220234550194
0.217480667839
0.214699670677
0.211891994413
0.209058077938
0.206198363262
0.203313295449
0.200403322544
0.197468895509
0.194510468154
0.191528497065
0.18852344154
0.185495763514
0.182445927494
0.179374400487
0.176281651927
0.173168153612
0.170034379624
0.166880806265
0.163707911984
0.160516177303
0.15730608475
0.154078118783
0.15083276572
0.147570513668
0.144291852449
0.140997273527
0.137687269939
0.134362336219
0.131022968326
0.127669663571
0.124302920547
0.120923239051
0.117531120015
0.11412706543
0.110711578276
0.107285162446
0.103848322674
0.100401564461
0.096945394003
0.093480318117
0.090006844168
0.086525479993
0.083036733835
0.079541114261
0.076039130095
0.072531290344
0.069018104123
0.065500080583
0.061977728841
0.058451557903
0.054922076593
0.051389793484
0.047855216821
0.04431885445
0.04078121375
0.037242801555
0.033704124087
0.030165686883
0.026627994725
0.023091551567
0.019556860464
0.016024423506
0.012494741742
0.008968315113
0.005445642381
0.001927221062
-0.001586452646
-0.005094883933
-0.008597579442
-0.012094047338
-0.015583797379
-0.019066340981
-0.022541191287
-0.026007863232
-0.029465873612
-0.032914741149
-0.036353986557
-0.039783132609
-0.043201704198
-0.046609228407
-0.050005234573
-0.053389254344
-0.056760821753
-0.060119473272
-0.063464747882
-0.066796187127
-0.070113335185
-0.073415738923
-0.07670294796
-0.079974514725
-0.083229994523
-0.086468945587
-0.08969092914
-0.092895509457
-0.096082253915
-0.099250733059
-0.10240052065
-0.10553119373
-0.10864233267
-0.111733521232
-0.114804346617
-0.117854399524
-0.120883274201
-0.123890568498
-0.126875883922
-0.129838825685
-0.132779002754
-0.135696027909
-0.138589517784
-0.141459092921
-0.144304377818
-0.147125000976
-0.149920594947
-0.152690796382
-0.155435246074
-0.158153589005
-0.16084547439
-0.163510555724
-0.166148490821
-0.168758941859
-0.171341575422
-0.173896062542
-0.176422078736
-0.178919304052
-0.181387423102
-0.183826125105
-0.186235103921
-0.188614058091
-0.190962690875
-0.19328071028
-0.195567829106
-0.197823764969
-0.200048240342
-0.202240982585
-0.204401723977
-0.206530201749
-0.208626158109
-0.21068934028
-0.212719500522
-0.214716396163
-0.216679789625
-0.218609448455
-0.220505145343
-0.222366658157
-0.224193769957
-0.225986269027
-0.227743948892
-0.229466608343
-0.23115405146
-0.232806087626
-0.234422531552
-0.236003203297
-0.237547928279
-0.2390565373
-0.240528866559
-0.241964757665
-0.243364057659
-0.244726619021
-0.246052299687
-0.247340963061
-0.248592478025
-0.249806718953
-0.250983565719
-0.252122903705
-0.253224623812
-0.254288622468
-0.255314801633
-0.256303068806
-0.257253337028
-0.258165524892
-0.259039556541
-0.259875361674
-0.260672875548
-0.261432038977
-0.262152798335
-0.262835105555
-0.263478918128
-0.264084199101
-0.264650917073
-0.265179046195
-0.26566856616
-0.266119462206
-0.266531725104
-0.266905351151
-0.267240342167
-0.267536705486
-0.267794453942
-0.268013605867
-0.268194185074
-0.26833622085
-0.26843974794
-0.26850480654
-0.268531442277
-0.268519706201
-0.268469654763
-0.268381349807
-0.268254858547
-0.268090253553
-0.267887612732
-0.267647019309
-0.267368561811
-0.26705233404
-0.266698435059
-0.266306969164
-0.265878045868
-0.265411779873
-0.26490829105
-0.26436770441
-0.263790150084
-0.263175763291
-0.262524684319
-0.261837058491
-0.26111303614
-0.260352772582
-0.259556428082
-0.258724167829
-0.257856161902
-0.256952585242
-0.256013617616
-0.255039443587
-0.25403025248
-0.252986238351
-0.251907599947
-0.250794540676
-0.249647268568
-0.24846599624
-0.247250940862
-0.246002324112
-0.244720372147
-0.243405315556
-0.242057389327
-0.240676832805
-0.23926388965
-0.237818807797
-0.236341839419
-0.234833240875
-0.233293272678
-0.231722199445
-0.230120289856
-0.22848781661
-0.22682505638
-0.225132289765
-0.223409801251
-0.221657879158
-0.219876815597
-0.218066906421
-0.216228451181
-0.214361753072
-0.212467118891
-0.210544858983
-0.208595287195
-0.206618720825
-0.204615480569
-0.202585890475
-0.200530277891
-0.198448973411
-0.196342310824
-0.194210627064
-0.192054262155
-0.189873559159
-0.187668864124
-0.185440526026
-0.18318889672
-0.180914330884
-0.178617185963
-0.176297822115
-0.173956602155
-0.171593891502
-0.169210058121
-0.166805472464
-0.16438050742
-0.161935538254
-0.159470942551
-0.156987100158
-0.154484393127
-0.151963205659
-0.149423924044
-0.146866936603
-0.144292633632
-0.141701407339
-0.13909365179
-0.136469762848
-0.133830138113
-0.131175176864
-0.12850528
-0.125820849979
-0.123122290759
-0.12041000774
-0.1176844077
-0.11494589874
-0.112194890218
-0.109431792695
-0.10665701787
-0.103870978521
-0.101074088447
-0.098266762402
-0.09544941604
-0.092622465852
-0.089786329104
-0.086941423778
-0.084088168514
-0.081226982542
-0.078358285628
-0.075482498012
-0.072600040343
-0.069711333624
-0.06681679915
-0.063916858444
-0.061011933201
-0.058102445224
-0.055188816367
-0.05227146847
-0.049350823306
-0.046427302513
-0.043501327538
-0.040573319579
-0.037643699521
-0.034712887878
-0.031781304735
-0.028849369687
-0.025917501781
-0.022986119454
-0.020055640478
-0.0171264819
-0.014199059983
-0.011273790146
-0.00835108691
-0.005431363837
-0.002515033473
0.000397492708
0.003305804366
0.006209492343
0.00910814873
0.012001366916
0.014888741647
0.017769869083
0.020644346851
0.023511774102
0.026371751566
0.029223881607
0.032067768275
0.034903017363
0.037729236462
0.040546035008
0.043353024343
0.046149817762
0.048936030569
0.051711280126
0.054475185908
0.057227369552
0.059967454906
0.062695068087
0.065409837522
0.068111394004
0.070799370738
0.073473403393
0.076133130146
0.078778191735
0.081408231504
0.08402289545
0.08662183227
0.089204693408
0.091771133101
0.094320808423
0.096853379331
0.09936850871
0.101865862415
0.104345109315
0.106805921338
0.109247973511
0.111670944004
0.114074514169
0.116458368583
0.118822195088
0.121165684831
0.123488532301
0.125790435373
0.128071095341
0.130330216959
0.132567508476
0.134782681675
0.136975451907
0.139145538128
0.141292662933
0.143416552592
0.145516937081
0.147593550118
0.149646129194
0.151674415607
0.15367815449
0.155657094846
0.157610989575
0.159539595506
0.161442673424
0.163319988102
0.165171308325
0.166996406919
0.168795060776
0.170567050886
0.172312162353
0.174030184428
0.175720910528
0.177384138263
0.179019669457
0.180627310171
0.182206870722
0.18375816571
0.185281014032
0.186775238906
0.188240667886
0.189677132886
0.191084470194
0.192462520487
0.193811128853
0.195130144804
0.19641942229
0.197678819716
0.198908199953
0.200107430354
0.201276382766
0.202414933541
0.203522963544
0.204600358173
0.205647007358
0.206662805577
0.207647651864
0.208601449812
0.209524107588
0.210415537933
0.211275658172
0.212104390214
0.212901660566
0.213667400326
0.214401545195
0.215104035473
0.215774816067
0.216413836487
0.217021050851
0.217596417881
0.218139900905
0.218651467855
0.219131091266
0.21957874827
0.219994420597
0.220378094567
0.220729761089
0.221049415654
0.221337058329
0.22159269375
0.221816331116
0.222007984182
0.222167671247
0.222295415149
0.222391243253
0.222455187439
0.222487284096
0.222487574105
0.222456102832
0.222392920109
0.222298080226
0.222171641913
0.222013668329
0.221824227043
0.22160339002
0.221351233605
0.221067838504
0.220753289767
0.22040767677
0.220031093197
0.219623637019
0.219185410473
0.218716520044
0.218217076443
0.217687194582
0.217126993557
0.21653659662
0.215916131158
0.21526572867
0.214585524739
0.21387565901
0.213136275163
0.212367520885
0.211569547847
0.210742511674
0.209886571917
0.209001892025
0.208088639317
0.207146984954
0.206177103904
0.205179174916
0.204153380487
0.203099906834
0.202018943855
0.200910685106
0.199775327759
0.198613072576
0.19742412387
0.196208689475
0.194966980707
0.193699212334
0.192405602534
0.191086372865
0.189741748224
0.188371956816
0.186977230108
0.1855578028
0.18411391278
0.182645801092
0.18115371189
0.179637892404
0.1780985929
0.176536066637
0.174950569827
0.173342361598
0.171711703949
0.17005886171
0.168384102498
0.16668769668
0.164969917324
0.163231040162
0.161471343542
0.159691108388
0.157890618155
0.156070158784
0.154230018658
0.15237048856
0.150491861624
0.148594433291
0.146678501268
0.144744365473
0.142792328
0.140822693062
0.138835766955
0.136831858002
0.134811276513
0.132774334732
0.130721346797
0.128652628684
0.126568498166
0.124469274761
0.122355279688
0.120226835813
0.118084267606
0.115927901088
0.113758063787
0.111575084684
0.109379294168
0.107171023984
0.104950607185
0.102718378085
0.100474672204
0.098219826223
0.095954177931
0.093678066178
0.091391830825
0.089095812692
0.086790353508
0.084475795863
0.082152483157
0.07982075955
0.077480969908
0.075133459761
0.072778575246
0.070416663056
0.068048070396
0.065673144927
0.063292234718
0.060905688197
0.058513854096
0.056117081407
0.053715719327
0.051310117212
0.048900624521
0.046487590771
0.044071365488
0.041652298151
0.039230738149
0.036807034724
0.03438153693
0.031954593576
0.02952655318
0.027097763919
0.024668573581
0.022239329513
0.019810378575
0.01738206709
0.014954740794
0.012528744791
0.0101044235
0.007682120612
0.005262179036
0.002844940858
0.000430747287
-0.00198006139
-0.004387145852
-0.006790167797
-0.009188789985
-0.011582676284
-0.013971491721
-0.016354902522
-0.018732576162
-0.021104181411
-0.023469388376
-0.02582786855
-0.028179294855
-0.030523341687
-0.032859684958
-0.035188002146
-0.037507972332
-0.039819276249
-0.042121596321
-0.044414616709
-0.046698023353
-0.048971504013
-0.05123474831
-0.053487447773
-0.055729295873
-0.05795998807
-0.060179221851
-0.06238669677
-0.064582114488
-0.066765178815
-0.068935595746
-0.0710930735
-0.073237322562
-0.075368055717
-0.077484988091
-0.079587837186
-0.081676322917
-0.083750167649
-0.085809096237
-0.087852836053
-0.089881117029
-0.091893671691
-0.093890235188
-0.095870545333
-0.097834342632
-0.099781370319
-0.101711374388
-0.103624103628
-0.10551930965
-0.107396746922
-0.1092561728
-0.111097347555
-0.112920034409
-0.114723999559
-0.116509012209
-0.118274844598
-0.120021272027
-0.121748072891
-0.123455028701
-0.125141924111
-0.12680854695
-0.128454688241
-0.130080142231
-0.131684706412
-0.133268181549
-0.1348303717
-0.136371084244
-0.137890129899
-0.139387322745
-0.14086248025
-0.142315423287
-0.143745976155
-0.145153966601
-0.146539225838
-0.147901588567
-0.14924089299
-0.150556980834
-0.151849697367
-0.153118891412
-0.154364415366
-0.155586125218
-0.156783880561
-0.157957544605
-0.159106984199
-0.160232069838
-0.161332675678
-0.162408679551
-0.163459962973
-0.164486411159
-0.165487913036
-0.166464361246
-0.167415652164
-0.168341685903
-0.169242366324
-0.170117601046
-0.170967301451
-0.171791382692
-0.172589763702
-0.173362367198
-0.174109119686
-0.174829951469
-0.175524796649
-0.17619359313
-0.176836282627
-0.177452810662
-0.17804312657
-0.178607183501
-0.179144938419
-0.179656352107
-0.180141389161
-0.180600017995
-0.181032210836
-0.181437943727
-0.181817196521
-0.18216995288
-0.182496200271
-0.182795929965
-0.18306913703
-0.183315820326
-0.183535982503
-0.183729629992
-0.183896773001
-0.184037425506
-0.184151605244
-0.184239333708
-0.184300636134
-0.184335541496
-0.184344082494
-0.184326295545
-0.184282220773
-0.184211901997
-0.18411538672
-0.183992726117
-0.183843975021
-0.183669191914
-0.183468438907
-0.183241781732
-0.182989289726
-0.182711035813
-0.18240709649
-0.182077551814
-0.181722485381
-0.181341984311
-0.180936139232
-0.18050504426
-0.18004879698
-0.17956749843
-0.179061253077
-0.178530168805
-0.177974356884
-0.17739393196
-0.176789012027
-0.176159718406
-0.175506175727
-0.174828511901
-0.174126858102
-0.17340134874
-0.172652121438
-0.171879317012
-0.171083079437
-0.170263555833
-0.169420896431
-0.16855525455
-0.167666786574
-0.166755651919
-0.165822013011
-0.164866035256
-0.163887887013
-0.162887739566
-0.161865767093
-0.160822146642
-0.159757058097
-0.158670684149
-0.157563210267
-0.15643482467
-0.155285718291
-0.154116084747
-0.152926120313
-0.151716023883
-0.150485996942
-0.149236243532
-0.147966970221
-0.146678386067
-0.145370702587
-0.144044133724
-0.142698895809
-0.14133520753
-0.139953289898
-0.138553366209
-0.137135662013
-0.135700405073
-0.134247825335
-0.132778154889
-0.131291627934
-0.129788480739
-0.128268951611
-0.126733280854
-0.125181710732
-0.123614485435
-0.122031851039
-0.120434055467
-0.118821348454
-0.117193981505
-0.115552207861
-0.113896282457
-0.112226461884
-0.110543004352
-0.108846169646
-0.107136219094
-0.105413415518
-0.103678023205
-0.101930307858
-0.100170536561
-0.098398977738
-0.096615901114
-0.09482157767
-0.093016279607
-0.091200280306
-0.089373854282
-0.08753727715
-0.085690825577
-0.083834777248
-0.08196941082
-0.080095005882
-0.078211842916
-0.076320203251
-0.074420369027
-0.072512623149
-0.070597249249
-0.068674531644
-0.066744755291
-0.064808205748
-0.062865169135
-0.060915932087
-0.058960781715
-0.057000005566
-0.055033891579
-0.053062728043
-0.051086803556
-0.049106406986
-0.047121827426
-0.045133354151
-0.043141276582
-0.04114588424
-0.039147466707
-0.037146313582
-0.035142714441
-0.033136958798
-0.031129336059
-0.029120135484
-0.027109646147
-0.025098156892
-0.023085956292
-0.021073332613
-0.019060573767
-0.017047967274
-0.015035800226
-0.013024359237
-0.011013930411
-0.009004799299
-0.006997250859
-0.004991569417
-0.002988038624
-0.000986941422
0.00101144
0.003006824243
0.004998930738
0.006987479784
0.008972192586
0.010952791298
0.012928999054
0.014900540012
0.016867139391
0.018828523505
0.020784419806
0.022734556916
0.024678664669
0.026616474143
0.028547717701
0.030472129024
0.032389443149
0.034299396505
0.036201726947
0.038096173792
0.039982477857
0.041860381489
0.043729628603
0.045589964715
0.047441136976
0.049282894208
0.051114986933
0.052937167411
0.054749189668
0.056550809535
0.058341784674
0.060121874612
0.061890840775
0.063648446517
0.06539445715
0.067128639979
0.068850764328
0.070560601571
0.072257925164
0.073942510672
0.075614135798
0.077272580415
0.07891762659
0.080549058612
0.082166663026
0.083770228651
0.085359546614
0.086934410374
0.088494615748
0.090039960936
0.09157024655
0.093085275633
0.09458485369
0.096068788708
0.09753689118
0.098988974134
0.100424853146
0.101844346372
0.103247274567
0.104633461105
0.106002732003
0.10735491594
0.10868984428
0.110007351091
0.111307273164
0.112589450033
0.113853723997
0.115099940133
0.116327946317
0.117537593243
0.118728734439
0.119901226283
0.12105492802
0.12218970178
0.123305412591
0.124401928393
0.125479120058
0.1265368614
0.127575029187
0.128593503161
0.129592166044
0.130570903555
0.131529604421
0.132468160388
0.13338646623
0.134284419765
0.135161921861
0.136018876447
0.136855190521
0.137670774164
0.138465540541
0.139239405914
0.139992289648
0.14072411422
0.141434805222
0.142124291369
0.142792504506
0.143439379611
0.144064854802
0.144668871341
0.145251373633
0.145812309239
0.14635162887
0.146869286395
0.147365238839
0.147839446389
0.148291872392
0.148722483357
0.149131248955
0.149518142019
0.149883138542
0.150226217679
0.150547361741
0.150846556198
0.151123789673
0.151379053941
0.151612343923
0.151823657687
0.152012996438
0.152180364518
0.1523257694
0.152449221679
0.152550735072
0.152630326405
0.152688015611
0.152723825722
0.152737782859
0.152729916226
0.1527002581
0.152648843823
0.152575711794
0.152480903456
0.152364463286
0.152226438787
0.152066880476
0.151885841871
0.151683379479
0.151459552787
0.151214424245
0.150948059256
0.150660526161
0.150351896223
0.150022243619
0.149671645417
0.149300181569
0.148907934888
0.148494991038
0.148061438515
0.147607368628
0.147132875488
0.146638055986
0.146123009776
0.145587839257
0.145032649555
0.144457548503
0.143862646624
0.143248057109
0.142613895798
0.141960281158
0.141287334268
0.140595178789
0.13988394095
0.139153749525
0.138404735808
0.137637033593
0.13685077915
0.136046111206
0.135223170914
0.134382101838
0.133523049922
0.132646163471
0.131751593123
0.130839491826
0.129910014811
0.12896331957
0.127999565825
0.12701891551
0.126021532734
0.125007583765
0.123977236997
0.122930662923
0.121868034111
0.120789525174
0.119695312742
0.118585575436
0.117460493837
0.116320250459
0.11516502972
0.113995017913
0.112810403176
0.111611375462
0.110398126514
0.109170849827
0.107929740626
0.106674995829
0.105406814021
0.104125395421
0.102830941853
0.101523656712
0.100203744935
0.09887141297
0.097526868743
0.096170321624
0.094801982401
0.093422063242
0.092030777668
0.090628340513
0.089214967902
0.087790877209
0.086356287027
0.084911417139
0.083456488479
0.081991723103
0.080517344154
0.079033575828
0.077540643341
0.076038772899
0.074528191656
0.07300912769
0.07148180996
0.069946468281
0.068403333281
0.066852636373
0.065294609721
0.063729486201
0.062157499372
0.060578883437
0.058993873213
0.057402704094
0.055805612016
0.054202833426
0.052594605244
0.050981164828
0.049362749945
0.047739598729
0.046111949653
0.04448004149
0.04284411328
0.041204404297
0.039561154013
0.037914602061
0.036264988207
0.034612552309
0.032957534287
0.031300174087
0.029640711647
0.02797938686
0.026316439546
0.024652109413
0.022986636023
0.02132025876
0.019653216796
0.017985749056
0.016318094184
0.014650490511
0.01298317602
0.011316388313
0.009650364578
0.007985341555
0.006321555503
0.004659242168
0.002998636747
0.001339973861
-0.000316512485
-0.001970588928
-0.003622022783
-0.005270582075
-0.00691603557
-0.008558152808
-0.010196704132
-0.011831460726
-0.013462194638
-0.015088678819
-0.016710687149
-0.018327994471
-0.019940376618
-0.02154761045
-0.023149473876
-0.024745745893
-0.026336206608
-0.027920637275
-0.029498820318
-0.031070539364
-0.032635579275
-0.034193726168
-0.035744767454
-0.03728849186
-0.038824689459
-0.040353151699
-0.041873671428
-0.043386042926
-0.044890061928
-0.046385525654
-0.047872232835
-0.049349983739
-0.050818580196
-0.052277825629
-0.053727525073
-0.055167485208
-0.056597514376
-0.058017422613
-0.059427021671
-0.060826125041
-0.06221454798
-0.063592107532
-0.064958622555
-0.066313913739
-0.067657803635
-0.068990116674
-0.07031067919
-0.071619319443
-0.07291586764
-0.074200155955
-0.075472018555
-0.076731291614
-0.077977813339
-0.079211423989
-0.080431965891
-0.081639283466
-0.082833223244
-0.084013633883
-0.085180366189
-0.086333273133
-0.08747220987
-0.088597033756
-0.089707604366
-0.09080378351
-0.091885435247
-0.092952425908
-0.094004624106
-0.095041900751
-0.096064129072
-0.097071184623
-0.098062945304
-0.099039291371
-0.100000105453
-0.100945272564
-0.101874680114
-0.102788217925
-0.10368577824
-0.104567255739
-0.105432547547
-0.106281553247
-0.107114174888
-0.107930317001
-0.108729886604
-0.109512793214
-0.110278948855
-0.111028268068
-0.111760667922
-0.112476068016
-0.113174390493
-0.113855560043
-0.114519503915
-0.115166151918
-0.115795436432
-0.116407292412
-0.117001657394
-0.117578471498
-0.118137677438
-0.118679220521
-0.119203048656
-0.119709112352
-0.120197364728
-0.120667761509
-0.121120261035
-0.12155482426
-0.121971414753
-0.1223699987
-0.12275054491
-0.123113024805
-0.123457412433
-0.123783684459
-0.124091820165
-0.124381801457
-0.124653612854
-0.124907241493
-0.125142677124
-0.12535991211
-0.125558941421
-0.125739762636
-0.125902375934
-0.126046784094
-0.126172992491
-0.126281009089
-0.126370844437
-0.126442511667
-0.126496026483
-0.12653140716
-0.126548674534
-0.126547851998
-0.126528965494
-0.126492043504
-0.126437117047
-0.126364219665
-0.12627338742
-0.12616465888
-0.126038075116
-0.125893679686
-0.125731518631
-0.125551640461
-0.125354096146
-0.125138939106
-0.124906225199
-0.124656012708
-0.124388362332
-0.124103337173
-0.123801002722
-0.123481426849
-0.123144679787
-0.12279083412
-0.122419964772
-0.122032148985
-0.121627466316
-0.121205998611
-0.120767829999
-0.12031304687
-0.119841737865
-0.119353993856
-0.118849907932
-0.118329575383
-0.11779309368
-0.117240562461
-0.116672083514
-0.116087760758
-0.115487700224
-0.114872010039
-0.114240800408
-0.113594183593
-0.112932273895
-0.112255187635
-0.111563043135
-0.110855960698
-0.110134062586
-0.109397473004
-0.108646318074
-0.10788072582
-0.107100826142
-0.106306750799
-0.105498633383
-0.104676609303
-0.103840815757
-0.102991391715
-0.102128477893
-0.101252216732
-0.100362752376
-0.099460230646
-0.098544799022
-0.097616606613
-0.096675804139
-0.095722543904
-0.094756979775
-0.093779267151
-0.092789562949
-0.09178802557
-0.09077481488
-0.089750092183
-0.088714020194
-0.087666763019
-0.086608486124
-0.085539356314
-0.084459541704
-0.083369211693
-0.082268536942
-0.081157689344
-0.080036841997
-0.078906169182
-0.077765846333
-0.07661605001
-0.075456957876
-0.074288748664
-0.073111602155
-0.071925699151
-0.070731221442
-0.069528351786
-0.068317273875
-0.067098172315
-0.065871232589
-0.064636641037
-0.063394584824
-0.062145251915
-0.060888831043
-0.059625511686
-0.058355484036
-0.057078938968
-0.055796068019
-0.054507063353
-0.053212117735
-0.051911424506
-0.050605177549
-0.049293571263
-0.047976800535
-0.046655060711
-0.045328547567
-0.043997457283
-0.04266198641
-0.041322331845
-0.0399786908
-0.038631260776
-0.037280239532
-0.035925825057
-0.034568215543
-0.033207609355
-0.031844205001
-0.030478201107
-0.029109796386
-0.027739189609
-0.026366579578
-0.024992165099
-0.02361614495
-0.022238717854
-0.020860082452
-0.019480437275
-0.018099980712
-0.016718910988
-0.015337426129
-0.013955723941
-0.012574001976
-0.011192457509
-0.009811287505
-0.008430688597
-0.007050857056
-0.005671988761
-0.004294279175
-0.002917923318
-0.001543115736
-0.000170050477
0.001201078935
0.002570079531
0.003936758921
0.00530092532
0.006662387575
0.008020955194
0.009376438369
0.010728648003
0.012077395737
0.013422493973
0.014763755906
0.01610099554
0.017434027724
0.018762668168
0.020086733473
0.021406041157
0.022720409675
0.024029658447
0.025333607882
0.026632079403
0.027924895467
0.029211879594
0.030492856389
0.031767651563
0.033036091959
0.034298005575
0.035553221586
0.036801570366
0.038042883513
0.039276993868
0.040503735541
0.041722943929
0.04293445574
0.044138109013
0.045333743142
0.046521198894
0.04770031843
0.048870945327
0.050032924597
0.05118610271
0.052330327608
0.053465448732
0.054591317034
0.055707785003
0.056814706678
0.057911937669
0.058999335178
0.060076758012
0.061144066604
0.062201123033
0.063247791034
0.064283936022
0.065309425106
0.066324127105
0.067327912567
0.068320653782
0.069302224799
0.07027250144
0.07123136132
0.072178683855
0.073114350282
0.074038243671
0.07495024894
0.075850252868
0.076738144109
0.077613813204
0.078477152597
0.079328056644
0.080166421627
0.080992145769
0.081805129238
0.082605274166
0.083392484659
0.084166666803
0.084927728681
0.085675580376
0.08641013399
0.087131303647
0.087839005502
0.088533157755
0.089213680656
0.089880496515
0.090533529709
0.09117270669
0.091797955995
0.092409208249
0.093006396176
0.093589454602
0.094158320465
0.094712932817
0.095253232834
0.095779163816
0.096290671199
0.096787702553
0.097270207591
0.09773813817
0.098191448297
0.098630094133
0.099054033993
0.099463228352
0.099857639846
0.100237233274
0.100601975602
0.100951835962
0.101286785656
0.101606798153
0.101911849096
0.102201916294
0.10247697973
0.102737021556
0.102982026094
0.103211979837
0.103426871442
0.103626691736
0.103811433708
0.103981092511
0.104135665457
0.104275152017
0.104399553815
0.104508874626
0.104603120374
0.104682299125
0.104746421084
0.104795498593
0.104829546122
0.104848580267
0.104852619743
0.104841685379
0.104815800112
0.104774988981
0.104719279118
0.104648699745
0.104563282166
0.104463059754
0.104348067953
0.104218344262
0.10407392823
0.103914861447
0.103741187534
0.103552952138
0.103350202916
0.103132989531
0.102901363639
0.10265537888
0.102395090867
0.102120557176
0.101831837335
0.101528992809
0.101212086996
0.100881185207
0.10053635466
0.100177664465
0.099805185612
0.099418990956
0.099019155209
0.098605754922
0.098178868474
0.097738576055
0.097284959658
0.096818103058
0.096338091801
0.09584501319
0.095338956267
0.094820011802
0.094288272273
0.093743831853
0.093186786395
0.092617233412
0.092035272066
0.091441003146
0.090834529058
0.0902159538
0.089585382951
0.088942923652
0.088288684588
0.087622775969
0.086945309515
0.086256398436
0.085556157415
0.084844702587
0.084122151524
0.083388623212
0.082644238036
0.081889117757
0.081123385498
0.080347165718
0.079560584196
0.078763768012
0.077956845524
0.077139946351
0.07631320135
0.075476742597
0.074630703367
0.07377521811
0.072910422436
0.072036453088
0.071153447924
0.070261545895
0.069360887024
0.068451612384
0.067533864077
0.06660778521
0.065673519877
0.064731213135
0.063781010979
0.062823060327
0.061857508991
0.060884505655
0.059904199859
0.058916741968
0.057922283156
0.05692097538
0.055912971356
0.05489842454
0.053877489103
0.052850319906
0.05181707248
0.050777903002
0.049732968272
0.048682425686
0.04762643322
0.0465651494
0.045498733282
0.044427344426
0.043351142876
0.042270289134
0.041184944137
0.040095269233
0.039001426158
0.037903577012
0.036801884236
0.035696510587
0.034587619115
0.033475373142
0.032359936231
0.031241472172
0.03012014495
0.028996118726
0.027869557811
0.026740626644
0.025609489768
0.024476311804
0.023341257433
0.022204491366
0.021066178322
0.01992648301
0.018785570097
0.017643604191
0.016500749815
0.015357171383
0.014213033179
0.013068499332
0.011923733792
0.01077890031
0.009634162412
0.008489683376
0.007345626211
0.006202153634
0.005059428043
0.003917611501
0.002776865709
0.001637351983
0.000499231233
-0.000637336057
-0.001772189857
-0.002905170609
-0.004036119249
-0.005164877231
-0.00629128655
-0.007415189758
-0.008536429993
-0.009654850994
-0.010770297129
-0.01188261341
-0.012991645518
-0.014097239823
-0.015199243406
-0.016297504077
-0.0173918704
-0.018482191709
-0.019568318132
-0.020650100608
-0.021727390911
-0.022800041666
-0.023867906373
-0.024930839422
-0.025988696115
-0.027041332688
-0.028088606324
-0.029130375178
-0.030166498391
-0.031196836114
-0.03222124952
-0.033239600829
-0.034251753321
-0.035257571357
-0.036256920396
-0.037249667013
-0.038235678914
-0.039214824957
-0.040186975167
-0.041152000753
-0.042109774125
-0.043060168911
-0.044003059972
-0.044938323419
-0.045865836628
-0.046785478257
-0.047697128263
-0.048600667911
-0.049495979797
-0.050382947857
-0.051261457385
-0.052131395045
-0.052992648888
-0.053845108363
-0.054688664334
-0.055523209089
-0.056348636359
-0.057164841326
-0.057971720641
-0.05876917243
-0.059557096314
-0.060335393415
-0.061103966371
-0.061862719348
-0.062611558049
-0.063350389728
-0.0640791232
-0.064797668852
-0.065505938651
-0.066203846161
-0.066891306543
-0.067568236576
-0.068234554658
-0.068890180818
-0.069535036726
-0.070169045704
-0.070792132727
-0.07140422444
-0.072005249162
-0.072595136891
-0.07317381932
-0.073741229834
-0.074297303525
-0.074841977196
-0.075375189367
-0.075896880281
-0.076406991914
-0.076905467973
-0.077392253912
-0.077867296927
-0.078330545969
-0.078781951743
-0.079221466716
-0.079649045121
-0.080064642961
-0.080468218008
-0.080859729816
-0.081239139715
-0.081606410819
-0.081961508028
-0.082304398029
-0.082635049301
-0.082953432112
-0.083259518526
-0.083553282403
-0.083834699397
-0.084103746962
-0.084360404347
-0.084604652601
-0.084836474572
-0.085055854907
-0.085262780047
-0.085457238235
-0.085639219508
-0.0858087157
-0.085965720437
-0.086110229138
-0.086242239013
-0.08636174906
-0.086468760062
-0.086563274587
-0.086645296981
-0.086714833369
-0.086771891649
-0.086816481487
-0.08684861432
-0.086868303341
-0.086875563505
-0.086870411519
-0.086852865836
-0.086822946654
-0.086780675908
-0.086726077265
-0.086659176117
-0.086579999578
-0.086488576473
-0.086384937337
-0.086269114404
-0.086141141599
-0.086001054537
-0.08584889051
-0.085684688479
-0.085508489069
-0.085320334562
-0.085120268882
-0.084908337595
-0.084684587892
-0.084449068586
-0.0842018301
-0.083942924458
-0.083672405275
-0.083390327748
-0.083096748643
-0.08279172629
-0.082475320568
-0.082147592894
-0.081808606216
-0.081458424999
-0.081097115211
-0.080724744319
-0.08034138127
-0.079947096482
-0.079541961831
-0.079126050642
-0.07869943767
-0.078262199095
-0.0778144125
-0.077356156869
-0.076887512562
-0.076408561311
-0.075919386203
-0.075420071662
-0.074910703443
-0.074391368613
-0.073862155534
-0.073323153857
-0.0727744545
-0.072216149635
-0.071648332673
-0.071071098254
-0.070484542221
-0.069888761616
-0.069283854656
-0.068669920723
-0.068047060344
-0.067415375177
-0.066774967996
-0.066125942672
-0.065468404159
-0.064802458475
-0.064128212689
-0.063445774899
-0.062755254221
-0.062056760768
-0.061350405634
-0.060636300875
-0.059914559497
-0.059185295431
-0.058448623523
-0.057704659509
-0.056953520002
-0.056195322474
-0.055430185236
-0.054658227421
-0.053879568964
-0.053094330589
-0.052302633782
-0.051504600782
-0.050700354556
-0.049890018782
-0.049073717832
-0.04825157675
-0.047423721239
-0.046590277634
-0.045751372889
-0.044907134558
-0.044057690773
-0.043203170224
-0.042343702146
-0.041479416294
-0.040610442924
-0.039736912777
-0.038858957059
-0.037976707417
-0.037090295926
-0.036199855065
-0.0353055177
-0.034407417063
-0.033505686734
-0.032600460619
-0.031691872932
-0.030780058177
-0.029865151125
-0.028947286796
-0.028026600441
-0.02710322752
-0.026177303681
-0.025248964746
-0.024318346685
-0.023385585602
-0.022450817711
-0.021514179317
-0.020575806799
-0.019635836589
-0.018694405151
-0.017751648964
-0.016807704502
-0.01586270821
-0.014916796494
-0.01397010569
-0.013022772056
-0.012074931744
-0.011126720784
-0.010178275067
-0.009229730321
-0.008281222095
-0.007332885741
-0.006384856391
-0.005437268942
-0.004490258033
-0.003543958032
-0.00259850301
-0.001654026728
-0.000710662618
0.000231456242
0.001172197137
0.002111427741
0.003049016131
0.003984830808
0.004918740713
0.005850615246
0.006780324285
0.007707738201
0.00863272788
0.009555164737
0.010474920736
0.011391868404
0.012305880853
0.013216831796
0.014124595561
0.015029047111
0.015930062063
0.016827516697
0.017721287983
0.018611253589
0.019497291903
0.020379282046
0.021257103889
0.022130638072
0.022999766014
0.023864369936
0.02472433287
0.025579538679
0.02642987207
0.027275218611
0.028115464745
0.028950497804
0.029780206027
0.030604478572
0.03142320553
0.032236277942
0.033043587812
0.033845028119
0.034640492834
0.035429876932
0.036213076407
0.036989988283
0.037760510628
0.03852454257
0.039281984305
0.040032737114
0.040776703374
0.041513786569
0.042243891303
0.042966923313
0.043682789482
0.044391397846
0.045092657609
0.045786479156
0.046472774059
0.047151455091
0.047822436239
0.048485632708
0.049140960939
0.049788338614
0.050427684666
0.051058919293
0.051681963963
0.052296741426
0.052903175722
0.053501192191
0.054090717481
0.054671679556
0.055244007707
0.055807632558
0.056362486073
0.056908501567
0.05744561371
0.057973758538
0.058492873459
0.059002897257
0.059503770102
0.059995433557
0.060477830581
0.06095090554
0.061414604208
0.061868873776
0.062313662855
0.062748921485
0.063174601135
0.063590654713
0.063997036568
0.064393702495
0.064780609736
0.065157716992
0.06552498442
0.065882373636
0.066229847725
0.066567371237
0.066894910195
0.067212432095
0.067519905909
0.067817302089
0.068104592567
0.068381750757
0.068648751559
0.068905571357
0.069152188024
0.069388580919
0.069614730891
0.06983062028
0.070036232914
0.070231554111
0.07041657068
0.07059127092
0.070755644619
0.070909683053
0.071053378988
0.071186726674
0.071309721849
0.071422361733
0.071524645029
0.07161657192
0.071698144068
0.071769364611
0.071830238157
0.07188077079
0.071920970056
0.071950844969
0.071970406003
0.071979665088
0.07197863561
0.071967332403
0.071945771747
0.071913971362
0.071871950407
0.07181972947
0.071757330566
0.071684777134
0.071602094026
0.071509307506
0.071406445244
0.071293536306
0.071170611153
0.071037701632
0.070894840969
0.070742063764
0.070579405982
0.070406904949
0.070224599341
0.07003252918
0.069830735824
0.069619261959
0.069398151595
0.069167450051
0.068927203954
0.068677461224
0.06841827107
0.068149683979
0.067871751707
0.067584527271
0.067288064939
0.066982420218
0.066667649849
0.066343811793
0.066010965226
0.06566917052
0.065318489244
0.064958984143
0.064590719135
0.064213759297
0.063828170852
0.063434021163
0.063031378718
0.062620313118
0.06220089507
0.06177319637
0.061337289896
0.06089324959
0.060441150454
0.059981068529
0.05951308089
0.059037265631
0.058553701848
0.058062469635
0.057563650063
0.057057325172
0.056543577956
0.05602249235
0.055494153216
0.054958646331
0.054416058374
0.053866476909
0.053309990374
0.052746688067
0.052176660132
0.051599997542
0.05101679209
0.050427136371
0.049831123769
0.049228848439
0.048620405301
0.048005890017
0.047385398978
0.046759029292
0.046126878769
0.045489045902
0.044845629856
0.044196730452
0.043542448148
0.042882884032
0.042218139798
0.041548317735
0.040873520712
0.04019385216
0.039509416059
0.038820316921
0.038126659772
0.037428550143
0.036726094047
0.036019397966
0.035308568836
0.034593714032
0.033874941348
0.033152358984
0.03242607553
0.031696199949
0.030962841561
0.030226110027
0.029486115334
0.028742967777
0.027996777943
0.027247656698
0.026495715164
0.02574106471
0.024983816934
0.024224083641
0.023461976835
0.022697608698
0.021931091574
0.021162537953
0.020392060457
0.019619771821
0.018845784875
0.018070212536
0.01729316778
0.016514763637
0.015735113166
0.014954329445
0.01417252555
0.013389814544
0.012606309456
0.011822123267
0.011037368896
0.01025215918
0.00946660686
0.008680824565
0.007894924798
0.007109019915
0.006323222114
0.005537643419
0.00475239566
0.003967590462
0.003183339226
0.002399753117
0.001616943044
0.000835019649
0.000054093288
-0.000725725983
-0.001504328421
-0.002281604617
-0.003057445503
-0.003831742376
-0.004604386906
-0.005375271154
-0.006144287586
-0.00691132909
-0.007676288986
-0.008439061046
-0.009199539504
-0.009957619075
-0.010713194963
-0.011466162882
-0.012216419066
-0.012963860285
-0.013708383857
-0.014449887664
-0.015188270165
-0.015923430409
-0.01665526805
-0.017383683357
-0.018108577234
-0.018829851225
-0.019547407534
-0.020261149034
-0.020970979283
-0.021676802533
-0.022378523745
-0.023076048603
-0.023769283523
-0.024458135667
-0.025142512955
-0.02582232408
-0.026497478513
-0.027167886521
-0.027833459179
-0.028494108374
-0.029149746827
-0.029800288095
-0.030445646588
-0.031085737577
-0.031720477207
-0.032349782506
-0.032973571396
-0.033591762704
-0.034204276172
-0.034811032468
-0.035411953192
-0.036006960893
-0.036595979071
-0.037178932193
-0.037755745699
-0.038326346011
-0.038890660544
-0.039448617712
-0.040000146941
-0.040545178675
-0.041083644384
-0.041615476574
-0.042140608792
-0.04265897564
-0.043170512777
-0.043675156928
-0.044172845895
-0.044663518558
-0.04514711489
-0.045623575957
-0.046092843927
-0.046554862082
-0.047009574814
-0.047456927641
-0.047896867209
-0.048329341298
-0.048754298827
-0.049171689863
-0.049581465623
-0.049983578482
-0.050377981976
-0.050764630808
-0.051143480852
-0.05151448916
-0.051877613964
-0.05223281468
-0.052580051913
-0.052919287464
-0.053250484328
-0.053573606701
-0.053888619983
-0.05419549078
-0.054494186911
-0.054784677404
-0.055066932505
-0.055340923677
-0.055606623606
-0.055864006196
-0.05611304658
-0.056353721115
-0.056586007387
-0.05680988421
-0.05702533163
-0.057232330925
-0.057430864605
-0.057620916414
-0.05780247133
-0.057975515564
-0.058140036564
-0.058296023011
-0.058443464821
-0.058582353143
-0.058712680363
-0.058834440095
-0.05894762719
-0.059052237728
-0.059148269017
-0.059235719598
-0.059314589235
-0.059384878919
-0.059446590865
-0.059499728507
-0.059544296502
-0.059580300719
-0.059607748245
-0.059626647376
-0.059637007619
-0.059638839683
-0.059632155481
-0.059616968125
-0.059593291922
-0.05956114237
-0.059520536155
-0.059471491145
-0.059414026389
-0.059348162109
-0.059273919699
-0.059191321717
-0.059100391883
-0.059001155071
-0.058893637305
-0.058777865758
-0.058653868736
-0.058521675685
-0.058381317175
-0.058232824899
-0.058076231668
-0.057911571398
-0.057738879113
-0.057558190931
-0.05736954406
-0.057172976791
-0.056968528493
-0.056756239601
-0.056536151614
-0.056308307083
-0.056072749606
-0.055829523821
-0.055578675397
-0.055320251023
-0.055054298407
-0.054780866261
-0.054500004296
-0.054211763212
-0.053916194691
-0.053613351386
-0.053303286915
-0.052986055848
-0.052661713703
-0.052330316931
-0.051991922912
-0.051646589942
-0.051294377223
-0.050935344857
-0.050569553832
-0.050197066013
-0.049817944136
-0.049432251792
-0.049040053418
-0.048641414292
-0.048236400513
-0.047825079
-0.047407517474
-0.046983784452
-0.046553949233
-0.04611808189
-0.045676253254
-0.045228534908
-0.044774999174
-0.0443157191
-0.043850768451
-0.043380221693
-0.042904153989
-0.04242264118
-0.041935759777
-0.041443586948
-0.040946200506
-0.040443678897
-0.039936101189
-0.039423547058
-0.038906096777
-0.038383831203
-0.037856831766
-0.037325180454
-0.036788959804
-0.036248252885
-0.035703143291
-0.035153715121
-0.034600052974
-0.034042241931
-0.033480367545
-0.032914515825
-0.032344773228
-0.031771226639
-0.031193963365
-0.030613071118
-0.030028638003
-0.029440752505
-0.028849503475
-0.028254980117
-0.027657271976
-0.027056468923
-0.026452661143
-0.025845939121
-0.025236393628
-0.024624115712
-0.024009196676
-0.023391728072
-0.022771801688
-0.022149509526
-0.0215249438
-0.020898196914
-0.020269361451
-0.019638530162
-0.01900579595
-0.018371251855
-0.017734991045
-0.017097106798
-0.016457692494
-0.015816841593
-0.015174647632
-0.014531204202
-0.013886604942
-0.013240943519
-0.012594313621
-0.011946808939
-0.011298523154
-0.010649549928
-0.009999982885
-0.0093499156
-0.008699441586
-0.008048654283
-0.007397647039
-0.006746513101
-0.006095345603
-0.005444237548
-0.0047932818
-0.004142571067
-0.003492197891
-0.002842254633
-0.00219283346
-0.001544026336
-0.000895925001
-0.000248620969
0.000397794495
0.001043230382
0.00168759595
0.002330800744
0.002972754599
0.003613367662
0.004252550395
0.004890213596
0.005526268406
0.00616062632
0.006793199205
0.007423899307
0.008052639265
0.008679332122
0.009303891338
0.009926230801
0.010546264839
0.01116390823
0.011779076218
0.012391684517
0.013001649331
0.013608887359
0.014213315807
0.014814852403
0.015413415403
0.016008923605
0.016601296359
0.017190453579
0.017776315749
0.018358803941
0.018937839818
0.01951334565
0.02008524432
0.020653459337
0.021217914846
0.021778535634
0.022335247147
0.022887975491
0.02343664745
0.023981190489
0.024521532767
0.025057603145
0.025589331196
0.026116647212
0.026639482216
0.027157767968
0.027671436976
0.028180422501
0.028684658571
0.029184079983
0.029678622318
0.030168221942
0.03065281602
0.03113234252
0.031606740221
0.032075948724
0.032539908456
0.032998560676
0.033451847489
0.033899711845
0.03434209755
0.034778949274
0.035210212555
0.035635833806
0.036055760322
0.036469940287
0.036878322779
0.037280857777
0.037677496164
0.038068189736
0.038452891208
0.038831554216
0.039204133324
0.039570584031
0.039930862774
0.040284926931
0.040632734832
0.040974245755
0.041309419939
0.041638218583
0.04196060385
0.042276538874
0.042585987764
0.042888915602
0.043185288454
0.04347507337
0.043758238386
0.04403475253
0.044304585823
0.044567709283
0.044824094926
0.045073715771
0.045316545841
0.045552560165
0.045781734781
0.046004046738
0.046219474097
0.046427995933
0.046629592337
0.046824244416
0.047011934296
0.047192645124
0.047366361065
0.047533067306
0.047692750056
0.047845396546
0.047990995029
0.048129534783
0.048261006107
0.048385400324
0.048502709779
0.04861292784
0.048716048895
0.048812068355
0.048900982652
0.048982789235
0.049057486572
0.04912507415
0.049185552469
0.049238923045
0.049285188405
0.049324352089
0.049356418642
0.04938139362
0.049399283581
0.049410096084
0.049413839691
0.049410523957
0.049400159433
0.049382757663
0.049358331175
0.049326893485
0.049288459089
0.049243043464
0.049190663056
0.049131335288
0.049065078545
0.048991912179
0.048911856496
0.04882493276
0.048731163185
0.04863057093
0.048523180093
0.04840901571
0.048288103749
0.048160471103
0.048026145585
0.047885155926
0.047737531765
0.047583303649
0.04742250302
0.047255162216
0.047081314462
0.046900993865
0.046714235406
0.046521074937
0.046321549169
0.046115695674
0.045903552871
0.045685160022
0.045460557225
0.04522978541
0.044992886325
0.044749902535
0.044500877415
0.044245855137
0.043984880668
0.04371799976
0.043445258943
0.043166705516
0.042882387543
0.04259235384
0.042296653969
0.041995338232
0.041688457659
0.041376064002
0.041058209728
0.040734948006
0.040406332702
0.04007241837
0.039733260242
0.039388914219
0.039039436865
0.038684885394
0.038325317662
0.03796079216
0.037591368003
0.03721710492
0.036838063247
0.036454303915
0.036065888441
0.035672878921
0.035275338015
0.034873328943
0.034466915472
0.034056161906
0.033641133077
0.033221894335
0.032798511538
0.032371051041
0.031939579687
0.031504164795
0.031064874152
0.030621776001
0.030174939031
0.029724432367
0.02927032556
0.028812688573
0.028351591776
0.027887105931
0.027419302182
0.026948252048
0.026474027406
0.025996700485
0.025516343854
0.025033030411
0.024546833372
0.024057826258
0.02356608289
0.023071677371
0.02257468408
0.022075177658
0.021573232999
0.021068925239
0.020562329743
0.020053522094
0.019542578084
0.019029573704
0.018514585125
0.017997688699
0.017478960937
0.016958478504
0.016436318204
0.015912556974
0.015387271868
0.014860540048
0.01433243877
0.01380304538
0.013272437293
0.012740691991
0.012207887004
0.011674099906
0.011139408299
0.010603889802
0.010067622044
0.009530682648
0.008993149223
0.008455099351
0.007916610579
0.007377760403
0.006838626263
0.006299285528
0.005759815484
0.005220293328
0.004680796153
0.004141400938
0.003602184538
0.003063223673
0.002524594917
0.001986374686
0.001448639231
0.000911464623
0.000374926744
-0.000160898722
-0.0006959363
-0.001230110737
-0.00176334701
-0.002295570337
-0.002826706187
-0.003356680291
-0.003885418653
-0.004412847556
-0.004938893578
-0.005463483598
-0.005986544807
-0.00650800472
-0.007027791182
-0.007545832381
-0.008062056855
-0.008576393506
-0.009088771605
-0.009599120804
-0.010107371147
-0.010613453073
-0.011117297434
-0.011618835499
-0.012117998964
-0.012614719961
-0.013108931068
-0.013600565319
-0.014089556208
-0.014575837705
-0.015059344259
-0.015540010809
-0.016017772793
-0.016492566155
-0.016964327354
-0.017432993373
-0.017898501727
-0.018360790471
-0.018819798208
-0.019275464097
-0.01972772786
-0.020176529792
-0.020621810767
-0.021063512246
-0.021501576284
-0.021935945539
-0.022366563278
-0.022793373383
-0.023216320363
-0.023635349353
-0.024050406131
-0.024461437115
-0.024868389377
-0.025271210645
-0.025669849313
-0.026064254443
-0.026454375778
-0.026840163741
-0.027221569446
-0.027598544702
-0.027971042018
-0.028339014613
-0.028702416415
-0.029061202074
-0.029415326961
-0.029764747177
-0.030109419557
-0.030449301676
-0.030784351853
-0.031114529156
-0.031439793408
-0.031760105189
-0.032075425844
-0.032385717484
-0.032690942995
-0.032991066035
-0.033286051046
-0.033575863252
-0.033860468665
-0.034139834091
-0.034413927129
-0.034682716179
-0.034946170441
-0.035204259921
-0.035456955437
-0.035704228613
-0.035946051893
-0.036182398534
-0.036413242616
-0.036638559041
-0.036858323533
-0.037072512648
-0.037281103768
-0.037484075106
-0.037681405712
-0.037873075467
-0.038059065092
-0.038239356144
-0.038413931021
-0.038582772963
-0.038745866049
-0.038903195206
-0.039054746202
-0.039200505652
-0.039340461014
-0.039474600597
-0.039602913553
-0.039725389883
-0.039842020436
-0.039952796906
-0.040057711838
-0.040156758621
-0.040249931495
-0.040337225542
-0.040418636695
-0.040494161729
-0.040563798266
-0.040627544771
-0.040685400552
-0.04073736576
-0.040783441385
-0.040823629258
-0.040857932047
-0.040886353256
-0.040908897224
-0.040925569123
-0.040936374956
-0.040941321555
-0.040940416577
-0.040933668505
-0.040921086643
-0.040902681117
-0.040878462867
-0.040848443648
-0.040812636026
-0.040771053377
-0.040723709881
-0.04067062052
-0.040611801075
-0.040547268124
-0.040477039034
-0.040401131962
-0.040319565851
-0.040232360423
-0.040139536176
-0.040041114384
-0.039937117086
-0.039827567089
-0.039712487957
-0.039591904012
-0.039465840326
-0.039334322717
-0.039197377746
-0.039055032711
-0.038907315639
-0.038754255288
-0.038595881134
-0.038432223372
-0.038263312908
-0.038089181352
-0.037909861016
-0.037725384906
-0.037535786715
-0.037341100823
-0.037141362284
-0.036936606824
-0.036726870835
-0.036512191368
-0.036292606125
-0.036068153456
-0.035838872352
-0.035604802436
-0.035365983958
-0.03512245779
-0.034874265416
-0.034621448927
-0.034364051016
-0.034102114967
-0.03383568465
-0.033564804515
-0.033289519584
-0.033009875443
-0.032725918235
-0.032437694652
-0.03214525193
-0.03184863784
-0.031547900679
-0.031243089263
-0.030934252923
-0.030621441492
-0.030304705298
-0.029984095161
-0.029659662377
-0.029331458719
-0.028999536422
-0.028663948177
-0.028324747124
-0.027981986843
-0.027635721344
-0.027286005063
-0.026932892848
-0.026576439956
-0.02621670204
-0.025853735143
-0.025487595691
-0.02511834048
-0.024746026669
-0.024370711775
-0.023992453659
-0.02361131052
-0.023227340887
-0.022840603607
-0.02245115784
-0.022059063046
-0.02166437898
-0.021267165682
-0.020867483464
-0.020465392908
-0.020060954852
-0.019654230381
-0.019245280821
-0.018834167728
-0.018420952877
-0.018005698257
-0.017588466059
-0.017169318667
-0.01674831865
-0.016325528752
-0.015901011882
-0.015474831108
-0.015047049644
-0.014617730841
-0.014186938182
-0.013754735267
-0.013321185808
-0.012886353617
-0.012450302601
-0.012013096746
-0.011574800115
-0.011135476831
-0.010695191076
-0.010254007077
-0.009811989096
-0.009369201422
-0.008925708365
-0.008481574242
-0.008036863369
-0.007591640053
-0.007145968584
-0.006699913222
-0.006253538192
-0.005806907671
-0.005360085781
-0.004913136583
-0.00446612406
-0.004019112115
-0.003572164562
-0.00312534511
-0.002678717362
-0.002232344802
-0.001786290787
-0.001340618537
-0.00089539113
-0.000450671488
-0.000006522371
0.000436993631
0.000879814109
0.001321876841
0.001763119804
0.002203481178
0.002642899359
0.003081312965
0.003518660844
0.003954882087
0.004389916028
0.004823702259
0.005256180639
0.005687291295
0.006116974639
0.006545171368
0.006971822478
0.00739686927
0.007820253357
0.008241916674
0.008661801482
0.009079850381
0.009496006314
0.009910212576
0.010322412819
0.010732551065
0.011140571709
0.011546419528
0.011950039686
0.012351377747
0.012750379675
0.013146991846
0.013541161055
0.01393283452
0.01432195989
0.014708485254
0.015092359147
0.015473530554
0.015851948918
0.016227564151
0.016600326633
0.016970187223
0.017337097265
0.017701008594
0.018061873541
0.01841964494
0.018774276133
0.01912572098
0.019473933858
0.019818869674
0.020160483863
0.020498732402
0.020833571809
0.021164959152
0.021492852051
0.021817208687
0.022137987805
0.022455148721
0.022768651323
0.02307845608
0.023384524046
0.023686816862
0.023985296765
0.024279926589
0.02457066977
0.024857490353
0.025140352992
0.025419222957
0.02569406614
0.025964849053
0.026231538838
0.026494103267
0.026752510746
0.027006730323
0.027256731684
0.027502485163
0.027743961741
0.027981133053
0.028213971387
0.028442449691
0.028666541572
0.028886221303
0.029101463822
0.029312244736
0.029518540326
0.029720327545
0.029917584023
0.030110288069
0.030298418673
0.030481955506
0.030660878927
0.030835169979
0.031004810395
0.031169782596
0.031330069697
0.031485655505
0.03163652452
0.031782661938
0.031924053653
0.032060686256
0.032192547034
0.032319623978
0.032441905774
0.032559381813
0.032672042185
0.032779877682
0.032882879797
0.032981040727
0.033074353369
0.033162811325
0.033246408897
0.03332514109
0.033399003609
0.033467992863
0.033532105959
0.033591340707
0.033645695614
0.033695169888
0.033739763433
0.033779476851
0.033814311439
0.033844269189
0.033869352786
0.033889565609
0.033904911724
0.033915395889
0.033921023547
0.033921800828
0.033917734545
0.033908832194
0.033895101948
0.03387655266
0.033853193858
0.033825035741
0.033792089181
0.033754365716
0.033711877551
0.033664637553
0.03361265925
0.033555956826
0.033494545118
0.033428439617
0.033357656459
0.033282212428
0.033202124946
0.033117412076
0.033028092512
0.032934185583
0.032835711241
0.032732690066
0.032625143255
0.03251309262
0.032396560587
0.032275570189
0.032150145062
0.032020309442
0.031886088158
0.031747506634
0.031604590876
0.031457367473
0.031305863591
0.031150106968
0.030990125911
0.030825949288
0.030657606524
0.0304851276
0.030308543041
0.030127883916
0.029943181832
0.029754468927
0.029561777867
0.029365141837
0.02916459454
0.028960170188
0.028751903498
0.028539829686
0.028323984461
0.028104404019
0.02788112504
0.027654184676
0.02742362055
0.027189470751
0.026951773821
0.026710568757
0.026465895
0.02621779243
0.025966301358
0.025711462524
0.025453317086
0.025191906614
0.024927273088
0.024659458885
0.024388506778
0.024114459926
0.023837361867
0.023557256515
0.023274188147
0.022988201404
0.022699341276
0.022407653102
0.022113182557
0.021815975652
0.021516078719
0.021213538409
0.020908401686
0.020600715815
0.020290528357
0.019977887166
0.019662840373
0.019345436388
0.019025723885
0.018703751801
0.018379569323
0.018053225886
0.01772477116
0.017394255048
0.017061727675
0.016727239382
0.016390840716
0.016052582428
0.015712515459
0.015370690938
0.01502716017
0.01468197463
0.014335185958
0.013986845948
0.01363700654
0.013285719817
0.012933037991
0.0125790134
0.012223698501
0.011867145856
0.011509408133
0.011150538091
0.010790588576
0.010429612515
0.010067662902
0.009704792797
0.009341055316
0.00897650362
0.008611190914
0.008245170433
0.007878495439
0.00751121921
0.007143395035
0.006775076202
0.006406315999
0.006037167696
0.005667684545
0.005297919768
0.004927926553
0.004557758044
0.004187467334
0.003817107458
0.003446731384
0.003076392009
0.002706142146
0.002336034523
0.001966121771
0.001596456417
0.00122709088
0.00085807746
0.000489468332
0.00012131554
-0.000246329014
-0.000613413572
-0.000979886531
-0.001345696448
-0.001710792051
-0.002075122239
-0.002438636096
-0.002801282895
-0.003163012104
-0.003523773395
-0.003883516649
-0.004242191967
-0.004599749669
-0.004956140309
-0.005311314677
-0.005665223807
-0.006017818983
-0.006369051747
-0.006718873904
-0.007067237529
-0.007414094975
-0.007759398876
-0.008103102157
-0.008445158038
-0.008785520042
-0.009124141997
-0.00946097805
-0.009795982665
-0.010129110633
-0.010460317078
-0.010789557462
-0.011116787593
-0.011441963625
-0.011765042073
-0.012085979808
-0.012404734074
-0.012721262483
-0.013035523026
-0.013347474081
-0.013657074412
-0.013964283178
-0.014269059938
-0.014571364655
-0.014871157705
-0.015168399876
-0.015463052376
-0.015755076841
-0.016044435334
-0.016331090355
-0.016615004841
-0.016896142176
-0.01717446619
-0.017449941167
-0.017722531851
-0.017992203445
-0.018258921619
-0.018522652516
-0.01878336275
-0.019041019418
-0.019295590096
-0.019547042849
-0.019795346233
-0.020040469296
-0.020282381588
-0.020521053158
-0.02075645456
-0.020988556859
-0.021217331632
-0.021442750969
-0.021664787482
-0.021883414303
-0.02209860509
-0.022310334029
-0.022518575837
-0.022723305765
-0.0229244996
-0.023122133669
-0.02331618484
-0.023506630528
-0.023693448692
-0.023876617842
-0.024056117039
-0.024231925898
-0.024404024589
-0.024572393842
-0.024737014946
-0.02489786975
-0.025054940668
-0.025208210681
-0.025357663333
-0.025503282741
-0.025645053587
-0.025782961129
-0.025916991193
-0.026047130183
-0.026173365075
-0.026295683422
-0.026414073354
-0.026528523578
-0.02663902338
-0.026745562625
-0.026848131758
-0.026946721806
-0.027041324373
-0.027131931649
-0.0272185364
-0.027301131979
-0.027379712318
-0.027454271931
-0.027524805914
-0.027591309945
-0.027653780283
-0.02771221377
-0.027766607825
-0.027816960451
-0.027863270229
-0.027905536319
-0.02794375846
-0.02797793697
-0.028008072741
-0.028034167242
-0.028056222519
-0.028074241187
-0.028088226438
-0.028098182033
-0.028104112304
-0.02810602215
-0.028103917038
-0.028097802999
