0.999143877551
0.998146354942
0.997007786647
0.995728546749
0.994309028861
0.992749646035
0.991050830681
0.989213034471
0.987236728245
0.985122401921
0.982870564389
0.980481743416
0.977956485537
0.975295355955
0.972498938425
0.96956783515
0.966502666661
0.963304071707
0.959972707131
0.956509247752
0.952914386242
0.949188832998
0.945333316016
0.941348580761
0.937235390031
0.932994523828
0.928626779213
0.924132970174
0.919513927481
0.914770498541
0.909903547255
0.904913953866
0.899802614815
0.894570442581
0.889218365533
0.88374732777
0.878158288964
0.872452224199
0.86663012381
0.860692993216
0.854641852757
0.848477737524
0.842201697189
0.835814795833
0.829318111774
0.822712737392
0.815999778948
0.809180356411
0.80225560327
0.795226666361
0.788094705676
0.780860894181
0.773526417626
0.766092474361
0.758560275144
0.750931042947
0.743206012765
0.735386431425
0.727473557383
0.719468660534
0.711373022008
0.703187933973
0.694914699434
0.686554632031
0.678109055831
0.669579305132
0.660966724247
0.652272667304
0.643498498038
0.634645589576
0.625715324232
0.616709093295
0.607628296816
0.598474343394
0.589248649965
0.579952641583
0.570587751208
0.561155419489
0.551657094545
0.542094231746
0.5324682935
0.522780749026
0.513033074141
0.503226751033
0.493363268045
0.483444119451
0.473470805233
0.463444830859
0.45336770706
0.443240949608
0.433066079087
0.422844620674
0.412578103911
0.402268062482
0.391916033987
0.381523559716
0.371092184423
0.360623456103
0.350118925763
0.339580147197
0.32900867676
0.318406073142
0.307773897143
0.297113711443
0.286427080383
0.275715569731
0.264980746461
0.254224178529
0.243447434643
0.232652084041
0.221839696263
0.211011840933
0.200170087525
0.18931600515
0.178451162321
0.167577126741
0.156695465071
0.145807742715
0.134915523594
0.124020369926
0.113123842006
0.102227497984
0.091332893651
0.080441582214
0.069555114081
0.058675036644
0.047802894063
0.036940227048
0.026088572647
0.015249464029
0.004424430274
-0.006385003842
-0.017177318055
-0.027950996827
-0.038704529554
-0.049436410774
-0.060145140373
-0.070829223793
-0.081487172237
-0.092117502873
-0.102718739035
-0.113289410428
-0.123828053326
-0.134333210769
-0.144803432767
-0.155237276491
-0.165633306472
-0.175990094792
-0.186306221279
-0.196580273697
-0.206810847936
-0.2169965482
-0.227135987194
-0.237227786311
-0.247270575812
-0.257262995014
-0.267203692464
-0.277091326123
-0.286924563543
-0.296702082042
-0.306422568876
-0.316084721416
-0.325687247317
-0.335228864685
-0.344708302248
-0.354124299518
-0.363475606959
-0.372760986145
-0.381979209923
-0.391129062568
-0.400209339945
-0.409218849658
-0.418156411205
-0.42702085613
-0.435811028171
-0.444525783403
-0.45316399039
-0.461724530322
-0.470206297159
-0.478608197768
-0.48692915206
-0.495168093127
-0.503323967371
-0.511395734636
-0.519382368339
-0.527282855591
-0.535096197327
-0.542821408422
-0.550457517815
-0.558003568626
-0.565458618269
-0.57282173857
-0.580092015871
-0.587268551145
-0.5943504601
-0.60133687328
-0.608226936175
-0.615019809312
-0.621714668357
-0.62831070421
-0.634807123096
-0.641203146656
-0.647498012035
-0.653690971968
-0.659781294864
-0.665768264885
-0.671651182027
-0.677429362194
-0.683102137273
-0.688668855205
-0.694128880056
-0.699481592081
-0.704726387787
-0.709862680001
-0.714889897922
-0.719807487183
-0.724614909904
-0.729311644743
-0.733897186949
-0.738371048402
-0.742732757668
-0.746981860033
-0.751117917546
-0.755140509057
-0.75904923025
-0.762843693678
-0.76652352879
-0.770088381962
-0.773537916519
-0.776871812759
-0.780089767975
-0.78319149647
-0.786176729571
-0.789045215648
-0.791796720119
-0.794431025457
-0.796947931201
-0.799347253956
-0.801628827391
-0.803792502242
-0.805838146304
-0.807765644428
-0.809574898506
-0.811265827467
-0.812838367256
-0.814292470822
-0.815628108099
-0.816845265983
-0.817943948307
-0.818924175821
-0.819785986157
-0.820529433804
-0.82115459007
-0.821661543049
-0.822050397585
-0.822321275227
-0.822474314192
-0.822509669317
-0.822427512012
-0.822228030214
-0.821911428329
-0.821477927185
-0.820927763972
-0.820261192185
-0.819478481561
-0.818579918019
-0.817565803594
-0.81643645637
-0.815192210407
-0.813833415677
-0.812360437982
-0.810773658883
-0.809073475619
-0.807260301031
-0.805334563473
-0.803296706734
-0.801147189949
-0.798886487509
-0.796515088973
-0.794033498972
-0.791442237118
-0.788741837906
-0.785932850613
-0.783015839202
-0.779991382215
-0.776860072672
-0.773622517961
-0.770279339732
-0.76683117379
-0.763278669974
-0.759622492053
-0.755863317605
-0.752001837899
-0.748038757778
-0.74397479554
-0.739810682808
-0.735547164413
-0.731184998265
-0.726724955223
-0.72216781897
-0.717514385878
-0.712765464876
-0.707921877319
-0.702984456846
-0.697954049249
-0.692831512328
-0.687617715756
-0.682313540933
-0.676919880844
-0.671437639915
-0.665867733865
-0.660211089559
-0.654468644859
-0.648641348474
-0.642730159807
-0.636736048803
-0.630659995796
-0.62450299135
-0.618266036105
-0.611950140616
-0.6055563252
-0.599085619767
-0.592539063667
-0.585917705521
-0.579222603061
-0.572454822962
-0.565615440682
-0.558705540289
-0.551726214297
-0.544678563496
-0.537563696782
-0.530382730987
-0.523136790711
-0.515827008141
-0.508454522888
-0.501020481806
-0.493526038822
-0.485972354756
-0.478360597149
-0.470691940084
-0.462967564011
-0.455188655564
-0.447356407387
-0.439472017952
-0.431536691383
-0.423551637268
-0.415518070485
-0.40743721102
-0.399310283781
-0.391138518418
-0.382923149142
-0.374665414538
-0.366366557388
-0.358027824478
-0.349650466422
-0.341235737474
-0.332784895345
-0.324299201016
-0.315779918554
-0.307228314929
-0.298645659826
-0.29003322546
-0.281392286391
-0.272724119341
-0.264030003002
-0.255311217858
-0.246569045993
-0.23780477091
-0.229019677344
-0.220215051075
-0.211392178747
-0.202552347679
-0.19369684568
-0.18482696087
-0.175943981487
-0.16704919571
-0.158143891471
-0.149229356276
-0.140306877014
-0.131377739782
-0.1224432297
-0.113504630726
-0.104563225477
-0.095620295049
-0.086677118834
-0.077734974342
-0.068795137017
-0.059858880064
-0.050927474267
-0.042002187811
-0.033084286106
-0.024175031609
-0.015275683652
-0.006387498262
0.002488272013
0.011350378273
0.020197575444
0.029028622447
0.037842282371
0.046637322642
0.055412515193
0.064166636633
0.072898468416
0.081606797004
0.090290414037
0.098948116493
0.107578706858
0.116180993283
0.124753789749
0.133295916226
0.141806198835
0.150283470003
0.158726568622
0.167134340206
0.175505637044
0.183839318355
0.192134250441
0.200389306838
0.208603368462
0.216775323766
0.22490406888
0.232988507761
0.241027552334
0.249020122643
0.256965146984
0.26486156205
0.272708313073
0.280504353957
0.288248647415
0.295940165108
0.303577887774
0.311160805361
0.31868791716
0.326158231929
0.333570768026
0.340924553532
0.348218626372
0.355452034445
0.362623835739
0.369733098452
0.376778901111
0.383760332686
0.390676492707
0.397526491375
0.404309449671
0.411024499473
0.417670783653
0.424247456192
0.43075368228
0.437188638416
0.443551512515
0.449841504003
0.456057823912
0.462199694981
0.468266351744
0.474257040625
0.480171020026
0.486007560415
0.491765944414
0.497445466881
0.503045434993
0.508565168328
0.514003998942
0.519361271443
0.524636343074
0.529828583775
0.534937376264
0.539962116099
0.544902211748
0.549757084654
0.554526169298
0.559208913259
0.563804777276
0.568313235302
0.572733774562
0.577065895605
0.581309112354
0.585462952159
0.589526955842
0.593500677741
0.597383685757
0.601175561393
0.604875899792
0.608484309779
0.612000413891
0.615423848414
0.618754263414
0.621991322762
0.62513470417
0.628184099206
0.631139213326
0.633999765889
0.636765490181
0.639436133428
0.642011456814
0.644491235493
0.646875258602
0.649163329267
0.651355264613
0.653450895765
0.655450067859
0.657352640033
0.659158485436
0.660867491216
0.662479558523
0.663994602497
0.665412552261
0.666733350909
0.667956955496
0.669083337021
0.670112480408
0.671044384492
0.671879061997
0.672616539511
0.673256857462
0.673800070095
0.674246245438
0.674595465277
0.674847825119
0.675003434162
0.675062415256
0.675024904865
0.67489105303
0.674661023322
0.674334992806
0.673913151987
0.673395704768
0.6727828684
0.67207487343
0.671271963649
0.670374396035
0.669382440701
0.668296380832
0.667116512629
0.665843145244
0.664476600717
0.663017213914
0.661465332454
0.659821316646
0.658085539415
0.656258386232
0.654340255038
0.65233155617
0.650232712282
0.64804415827
0.645766341187
0.643399720165
0.640944766326
0.638401962704
0.635771804151
0.633054797254
0.630251460241
0.627362322894
0.62438792645
0.621328823513
0.618185577953
0.614958764813
0.611648970204
0.608256791212
0.604782835791
0.601227722662
0.597592081208
0.593876551367
0.590081783528
0.58620843842
0.582257187002
0.578228710352
0.574123699556
0.569942855594
0.565686889221
0.561356520859
0.55695248047
0.552475507447
0.547926350485
0.543305767468
0.538614525343
0.533853399996
0.529023176131
0.524124647143
0.51915861499
0.51412589007
0.509027291088
0.503863644929
0.498635786528
0.493344558738
0.487990812196
0.482575405194
0.47709920354
0.471563080428
0.465967916299
0.460314598705
0.454604022171
0.44883708806
0.443014704429
0.437137785894
0.431207253486
0.425224034512
0.419189062414
0.413103276622
0.406967622416
0.40078305078
0.394550518257
0.388270986805
0.381945423652
0.375574801149
0.369160096623
0.362702292232
0.356202374815
0.349661335747
0.343080170787
0.336459879931
0.329801467266
0.323105940814
0.316374312388
0.309607597437
0.302806814901
0.295972987055
0.28910713936
0.282210300315
0.275283501298
0.268327776423
0.261344162382
0.254333698297
0.247297425564
0.240236387705
0.233151630213
0.2260442004
0.218915147248
0.211765521251
0.204596374267
0.197408759366
0.190203730674
0.182982343224
0.175745652803
0.168494715801
0.161230589059
0.153954329714
0.146666995054
0.139369642361
0.132063328764
0.124749111085
0.11742804569
0.110101188341
0.102769594042
0.095434316893
0.088096409938
0.080756925018
0.073416912623
0.066077421743
0.05873949972
0.051404192102
0.044072542494
0.036745592418
0.029424381159
0.022109945626
0.014803320206
0.007505536619
0.000217623775
-0.007059392368
-0.014324488947
-0.021576646333
-0.028814848276
-0.036038082042
-0.043245338552
-0.050435612523
-0.057607902604
-0.064761211515
-0.071894546178
-0.079006917862
-0.086097342309
-0.093164839871
-0.100208435643
-0.107227159596
-0.114220046708
-0.121186137091
-0.128124476126
-0.135034114587
-0.14191410877
-0.14876352062
-0.155581417854
-0.162366874089
-0.169118968965
-0.175836788263
-0.182519424033
-0.189165974708
-0.195775545229
-0.202347247156
-0.208880198793
-0.215373525298
-0.221826358799
-0.22823783851
-0.234607110838
-0.2409333295
-0.247215655631
-0.253453257889
-0.259645312567
-0.265791003698
-0.271889523159
-0.277940070775
-0.283941854421
-0.289894090125
-0.295796002165
-0.301646823169
-0.307445794212
-0.313192164911
-0.318885193521
-0.324524147024
-0.330108301228
-0.335636940847
-0.341109359599
-0.34652486029
-0.351882754898
-0.357182364658
-0.36242302015
-0.367604061374
-0.372724837832
-0.377784708612
-0.382783042455
-0.387719217841
-0.392592623056
-0.397402656268
-0.402148725597
-0.406830249186
-0.411446655266
-0.415997382227
-0.420481878678
-0.424899603515
-0.429250025978
-0.433532625718
-0.437746892849
-0.441892328008
-0.44596844241
-0.449974757905
-0.453910807024
-0.457776133037
-0.461570289995
-0.465292842784
-0.468943367166
-0.472521449826
-0.476026688415
-0.479458691587
-0.482817079044
-0.48610148157
-0.489311541067
-0.492446910593
-0.495507254391
-0.49849224792
-0.50140157789
-0.504234942283
-0.506992050382
-0.509672622797
-0.512276391487
-0.514803099781
-0.517252502395
-0.519624365456
-0.521918466513
-0.524134594554
-0.526272550017
-0.528332144804
-0.53031320229
-0.53221555733
-0.534039056265
-0.535783556927
-0.537448928646
-0.539035052244
-0.540541820042
-0.541969135851
-0.543316914978
-0.54458508421
-0.545773581816
-0.546882357534
-0.547911372561
-0.548860599545
-0.549730022567
-0.550519637129
-0.551229450138
-0.551859479886
-0.55240975603
-0.552880319574
-0.553271222841
-0.553582529455
-0.55381431431
-0.553966663542
-0.554039674505
-0.554033455735
-0.55394812692
-0.553783818866
-0.553540673463
-0.553218843643
-0.55281849335
-0.552339797493
-0.551782941905
-0.551148123306
-0.550435549253
-0.549645438094
-0.548778018924
-0.547833531536
-0.546812226366
-0.545714364447
-0.544540217353
-0.543290067143
-0.541964206309
-0.540562937715
-0.539086574541
-0.53753544022
-0.535909868377
-0.53421020277
-0.53243679722
-0.530590015548
-0.528670231509
-0.526677828724
-0.524613200606
-0.522476750294
-0.52026889058
-0.517990043834
-0.515640641929
-0.513221126168
-0.510731947203
-0.508173564961
-0.50554644856
-0.502851076232
-0.500087935237
-0.497257521783
-0.494360340943
-0.491396906565
-0.488367741188
-0.485273375956
-0.482114350526
-0.47889121298
-0.475604519734
-0.472254835447
-0.468842732924
-0.465368793027
-0.461833604577
-0.45823776426
-0.454581876527
-0.450866553499
-0.447092414866
-0.443260087788
-0.439370206796
-0.435423413687
-0.431420357423
-0.427361694029
-0.423248086485
-0.419080204626
-0.414858725032
-0.410584330922
-0.406257712047
-0.401879564585
-0.397450591024
-0.39297150006
-0.388443006483
-0.383865831065
-0.37924070045
-0.374568347042
-0.369849508888
-0.365084929569
-0.360275358082
-0.355421548726
-0.350524260987
-0.34558425942
-0.340602313535
-0.335579197677
-0.33051569091
-0.325412576897
-0.320270643783
-0.315090684074
-0.309873494519
-0.304619875987
-0.299330633352
-0.294006575365
-0.288648514538
-0.28325726702
-0.277833652476
-0.272378493963
-0.26689261781
-0.261376853492
-0.255832033511
-0.250258993266
-0.244658570938
-0.239031607359
-0.233378945889
-0.227701432298
-0.221999914631
-0.216275243095
-0.210528269924
-0.204759849261
-0.198970837032
-0.193162090819
-0.187334469736
-0.181488834304
-0.175626046329
-0.16974696877
-0.163852465622
-0.157943401785
-0.152020642943
-0.146085055436
-0.140137506139
-0.134178862335
-0.128209991588
-0.122231761627
-0.116245040211
-0.110250695014
-0.104249593497
-0.098242602783
-0.092230589539
-0.086214419848
-0.080194959089
-0.07417307181
-0.068149621615
-0.062125471031
-0.056101481394
-0.050078512726
-0.044057423613
-0.038039071084
-0.032024310494
-0.026013995402
-0.020008977451
-0.014010106253
-0.008018229266
-0.002034191679
0.003941163705
0.009906996587
0.015862469288
0.021806746864
0.027738997223
0.033658391238
0.039564102859
0.045455309231
0.051331190803
0.057190931443
0.063033718544
0.068858743144
0.074665200025
0.080452287833
0.086219209177
0.091965170744
0.097689383405
0.103391062317
0.109069427034
0.114723701609
0.120353114699
0.125956899666
0.131534294685
0.137084542838
0.142606892222
0.148100596045
0.153564912722
0.158999105982
0.164402444956
0.169774204278
0.17511366418
0.180420110586
0.185692835203
0.19093113562
0.19613431539
0.20130168413
0.206432557603
0.211526257813
0.216582113087
0.221599458163
0.226577634279
0.23151598925
0.23641387756
0.241270660438
0.246085705939
0.250858389029
0.255588091659
0.260274202845
0.264916118744
0.269513242731
0.274064985472
0.278570764994
0.283030006765
0.287442143759
0.291806616525
0.29612287326
0.300390369873
0.304608570053
0.30877694533
0.312894975146
0.31696214691
0.320977956064
0.324941906141
0.328853508823
0.332712284003
0.336517759834
0.34026947279
0.343966967719
0.347609797892
0.351197525056
0.354729719487
0.358205960032
0.361625834163
0.364988938019
0.368294876452
0.37154326307
0.374733720278
0.377865879321
0.380939380322
0.383953872321
0.38690901331
0.38980447027
0.392639919205
0.395415045173
0.398129542321
0.40078311391
0.403375472349
0.405906339217
0.408375445295
0.410782530587
0.41312734434
0.415409645075
0.417629200599
0.419785788029
0.421879193807
0.42390921372
0.425875652911
0.427778325896
0.429617056575
0.431391678245
0.433102033605
0.43474797477
0.436329363274
0.437846070079
0.439297975575
0.440684969587
0.442006951375
0.443263829633
0.444455522491
0.445581957508
0.446643071674
0.447638811398
0.448569132509
0.449434000242
0.450233389232
0.450967283502
0.451635676454
0.452238570851
0.452775978809
0.453247921775
0.453654430513
0.453995545085
0.454271314834
0.454481798358
0.454627063491
0.454707187281
0.454722255959
0.45467236492
0.454557618693
0.45437813091
0.454134024278
0.453825430551
0.45345249049
0.453015353839
0.452514179281
0.451949134409
0.451320395683
0.450628148397
0.449872586635
0.449053913231
0.448172339731
0.447228086341
0.446221381893
0.445152463792
0.44402157797
0.442828978842
0.441574929255
0.440259700435
0.438883571939
0.437446831602
0.435949775484
0.434392707812
0.432775940931
0.431099795238
0.429364599133
0.427570688954
0.425718408922
0.423808111075
0.42184015521
0.419814908817
0.417732747018
0.4155940525
0.413399215447
0.41114863348
0.40884271158
0.406481862027
0.404066504324
0.401597065132
0.399073978193
0.396497684261
0.393868631027
0.391187273045
0.388454071658
0.38566949492
0.382834017519
0.3799481207
0.37701229219
0.374027026111
0.370992822907
0.367910189258
0.364779638002
0.36160168805
0.358376864304
0.355105697574
0.351788724491
0.348426487422
0.345019534386
0.341568418965
0.33807370022
0.334535942597
0.330955715844
0.327333594919
0.323670159902
0.3199659959
0.316221692963
0.312437845985
0.308615054616
0.30475392317
0.300855060527
0.296919080046
0.292946599465
0.288938240806
0.284894630287
0.280816398216
0.276704178904
0.272558610562
0.268380335207
0.264169998566
0.259928249973
0.255655742277
0.25135313174
0.247021077938
0.242660243662
0.238271294823
0.233854900343
0.229411732066
0.224942464647
0.22044777546
0.215928344492
0.211384854245
0.206817989631
0.202228437877
0.197616888415
0.192984032787
0.188330564542
0.18365717913
0.178964573803
0.174253447514
0.169524500811
0.164778435738
0.160015955729
0.15523776551
0.15044457099
0.145637079167
0.140815998016
0.135982036395
0.131135903936
0.126278310946
0.121409968304
0.116531587356
0.111643879818
0.106747557668
0.101843333049
0.096931918163
0.092014025171
0.087090366093
0.082161652703
0.077228596429
0.072291908255
0.067352298616
0.062410477298
0.05746715334
0.052523034933
0.047578829318
0.042635242688
0.03769298009
0.032752745324
0.027815240844
0.022881167664
0.017951225254
0.013026111445
0.008106522335
0.003193152186
-0.001713306666
-0.006612163914
-0.011502731367
-0.016384323053
-0.02125625531
-0.026117846879
-0.030968419001
-0.035807295508
-0.040633802914
-0.045447270512
-0.050247030461
-0.055032417881
-0.059802770939
-0.064557430943
-0.069295742429
-0.074017053251
-0.078720714667
-0.083406081432
-0.088072511877
-0.092719368001
-0.097346015555
-0.101951824128
-0.106536167228
-0.111098422369
-0.115637971153
-0.120154199352
-0.124646496987
-0.129114258414
-0.1335568824
-0.137973772203
-0.14236433565
-0.146727985218
-0.151064138106
-0.155372216314
-0.159651646718
-0.163901861147
-0.16812229645
-0.172312394575
-0.176471602639
-0.180599373001
-0.184695163327
-0.188758436667
-0.192788661516
-0.196785311889
-0.200747867382
-0.204675813241
-0.208568640426
-0.212425845677
-0.216246931573
-0.220031406599
-0.223778785204
-0.227488587864
-0.231160341139
-0.234793577733
-0.238387836551
-0.241942662754
-0.245457607821
-0.248932229593
-0.252366092335
-0.255758766788
-0.259109830216
-0.262418866459
-0.265685465984
-0.268909225931
-0.272089750164
-0.275226649314
-0.278319540825
-0.281368049
-0.284371805043
-0.287330447104
-0.290243620314
-0.293110976834
-0.295932175887
-0.298706883797
-0.301434774031
-0.30411552723
-0.306748831244
-0.309334381168
-0.311871879376
-0.314361035546
-0.316801566698
-0.31919319722
-0.321535658896
-0.323828690933
-0.32607203999
-0.328265460198
-0.330408713189
-0.332501568117
-0.334543801677
-0.336535198129
-0.338475549318
-0.340364654689
-0.342202321305
-0.343988363866
-0.345722604721
-0.347404873883
-0.349035009043
-0.350612855579
-0.352138266568
-0.353611102796
-0.355031232766
-0.356398532704
-0.357712886567
-0.358974186047
-0.360182330574
-0.361337227321
-0.362438791202
-0.363486944876
-0.364481618748
-0.36542275096
-0.366310287396
-0.367144181674
-0.367924395141
-0.36865089687
-0.369323663649
-0.369942679975
-0.370507938044
-0.371019437741
-0.371477186629
-0.371881199933
-0.372231500533
-0.37252811894
-0.37277109329
-0.372960469321
-0.373096300356
-0.373178647284
-0.373207578542
-0.373183170093
-0.373105505401
-0.372974675412
-0.372790778528
-0.37255392058
-0.372264214805
-0.371921781817
-0.371526749579
-0.371079253374
-0.370579435772
-0.370027446603
-0.369423442924
-0.368767588982
-0.368060056183
-0.367301023057
-0.36649067522
-0.365629205338
-0.364716813087
-0.36375370512
-0.362740095017
-0.361676203255
-0.360562257156
-0.359398490854
-0.358185145244
-0.356922467939
-0.355610713227
-0.354250142025
-0.352841021826
-0.351383626659
-0.349878237034
-0.348325139894
-0.346724628565
-0.345077002705
-0.34338256825
-0.341641637364
-0.339854528379
-0.338021565747
-0.336143079981
-0.3342194076
-0.33225089107
-0.330237878749
-0.328180724825
-0.326079789261
-0.323935437731
-0.321748041561
-0.319517977668
-0.317245628495
-0.314931381953
-0.312575631352
-0.310178775341
-0.307741217841
-0.305263367979
-0.302745640023
-0.300188453315
-0.297592232203
-0.294957405973
-0.292284408781
-0.28957367958
-0.286825662058
-0.284040804559
-0.281219560018
-0.278362385885
-0.275469744057
-0.272542100802
-0.269579926689
-0.26658369651
-0.263553889211
-0.260490987813
-0.257395479341
-0.254267854743
-0.251108608821
-0.247918240148
-0.244697250995
-0.241446147253
-0.238165438353
-0.234855637193
-0.231517260054
-0.228150826525
-0.224756859422
-0.221335884709
-0.217888431419
-0.214415031572
-0.210916220096
-0.207392534747
-0.203844516024
-0.200272707093
-0.196677653702
-0.193059904101
-0.189420008957
-0.185758521276
-0.182075996317
-0.178372991513
-0.174650066382
-0.17090778245
-0.167146703167
-0.163367393819
-0.15957042145
-0.155756354775
-0.151925764099
-0.14807922123
-0.144217299396
-0.140340573165
-0.136449618355
-0.132545011952
-0.128627332028
-0.124697157655
-0.12075506882
-0.116801646342
-0.11283747179
-0.108863127392
-0.10487919596
-0.100886260798
-0.096884905622
-0.092875714475
-0.088859271644
-0.084836161575
-0.08080696879
-0.076772277804
-0.072732673038
-0.068688738741
-0.064641058903
-0.060590217175
-0.056536796782
-0.052481380444
-0.048424550292
-0.044366887786
-0.040308973633
-0.036251387706
-0.032194708961
-0.028139515355
-0.024086383769
-0.020035889922
-0.015988608295
-0.011945112049
-0.007905972942
-0.003871761255
0.000156954289
0.004179606607
0.008195630331
0.012204461887
0.016205539573
0.020198303638
0.024182196357
0.028156662106
0.032121147444
0.036075101182
0.040017974464
0.043949220836
0.047868296328
0.05177465952
0.055667771621
0.05954709654
0.063412100959
0.067262254404
0.071097029319
0.074915901132
0.078718348331
0.082503852531
0.086271898544
0.090021974448
0.093753571653
0.097466184973
0.101159312688
0.104832456615
0.108485122172
0.11211681844
0.115727058234
0.119315358162
0.12288123869
0.126424224205
0.129943843078
0.133439627721
0.136911114653
0.140357844557
0.143779362342
0.147175217197
0.150544962653
0.15388815664
0.157204361542
0.160493144252
0.16375407623
0.166986733555
0.170190696981
0.173365551986
0.176510888828
0.179626302595
0.182711393254
0.185765765702
0.188789029818
0.191780800504
0.194740697742
0.19766834663
0.200563377438
0.203425425647
0.206254131993
0.209049142514
0.211810108591
0.214536686988
0.217228539895
0.219885334968
0.222506745368
0.225092449797
0.227642132541
0.230155483502
0.232632198234
0.235071977983
0.237474529713
0.239839566147
0.242166805796
0.244455972988
0.246706797905
0.248919016607
0.251092371062
0.253226609178
0.255321484824
0.257376757861
0.259392194166
0.261367565653
0.263302650303
0.265197232182
0.267051101463
0.268864054448
0.270635893588
0.272366427501
0.274055470991
0.275702845065
0.277308376948
0.2788719001
0.28039325423
0.281872285309
0.283308845584
0.284702793586
0.286053994147
0.287362318404
0.288627643811
0.289849854144
0.291028839515
0.292164496369
0.293256727496
0.294305442033
0.295310555468
0.296271989642
0.29718967275
0.298063539343
0.298893530329
0.299679592968
0.300421680873
0.301119754008
0.301773778681
0.30238372754
0.30294957957
0.303471320086
0.303948940721
0.304382439423
0.304771820445
0.305117094332
0.305418277913
0.305675394287
0.305888472813
0.306057549095
0.306182664965
0.306263868472
0.306301213864
0.30629476157
0.306244578184
0.306150736444
0.306013315215
0.305832399465
0.305608080248
0.30534045468
0.305029625913
0.304675703116
0.30427880145
0.303839042037
0.303356551941
0.302831464137
0.302263917483
0.301654056692
0.301002032303
0.300308000653
0.299572123839
0.298794569694
0.29797551175
0.297115129206
0.296213606893
0.295271135241
0.294287910242
0.293264133413
0.292200011761
0.291095757744
0.289951589231
0.288767729467
0.287544407029
0.286281855786
0.284980314859
0.283640028579
0.282261246445
0.280844223075
0.279389218171
0.277896496466
0.276366327685
0.274798986495
0.27319475246
0.271553909992
0.269876748305
0.268163561368
0.266414647852
0.264630311082
0.262810858986
0.260956604048
0.259067863251
0.257144958028
0.25518821421
0.253197961969
0.251174535771
0.249118274315
0.247029520483
0.244908621281
0.242755927787
0.240571795092
0.238356582245
0.236110652195
0.233834371733
0.231528111434
0.2291922456
0.226827152197
0.224433212801
0.222010812534
0.219560340005
0.217082187248
0.214576749664
0.212044425957
0.209485618071
0.206900731133
0.204290173383
0.201654356118
0.198993693622
0.196308603109
0.193599504654
0.190866821133
0.188110978152
0.185332403989
0.182531529527
0.179708788184
0.176864615854
0.173999450836
0.171113733771
0.168207907573
0.165282417364
0.162337710408
0.159374236041
0.156392445605
0.153392792383
0.150375731527
0.147341719994
0.144291216476
0.141224681332
0.138142576521
0.135045365532
0.131933513315
0.128807486217
0.125667751908
0.122514779314
0.119349038548
0.116171000844
0.112981138482
0.109779924726
0.106567833748
0.103345340564
0.100112920965
0.096871051443
0.093620209126
0.09036087171
0.087093517384
0.083818624769
0.080536672842
0.077248140871
0.073953508345
0.070653254905
0.067347860276
0.064037804196
0.060723566353
0.057405626309
0.054084463438
0.050760556855
0.047434385349
0.044106427312
0.040777160677
0.037447062845
0.03411661062
0.030786280145
0.027456546826
0.024127885276
0.02080076924
0.017475671534
0.014153063976
0.01083341732
0.007517201192
0.004204884025
0.000896932992
-0.002406186059
-0.005704008666
-0.008996071824
-0.01228191404
-0.015561075404
-0.01883309765
-0.022097524217
-0.025353900314
-0.028601772983
-0.031840691158
-0.035070205727
-0.038289869596
-0.041499237749
-0.044697867306
-0.047885317585
-0.05106115016
-0.054224928924
-0.057376220144
-0.060514592519
-0.063639617244
-0.066750868058
-0.069847921309
-0.072930356008
-0.075997753883
-0.079049699439
-0.082085780008
-0.085105585808
-0.088108709995
-0.091094748718
-0.094063301172
-0.097013969647
-0.099946359587
-0.102860079635
-0.10575474169
-0.108629960951
-0.111485355974
-0.114320548715
-0.117135164584
-0.11992883249
-0.122701184891
-0.125451857838
-0.128180491027
-0.130886727838
-0.133570215387
-0.136230604566
-0.138867550089
-0.141480710539
-0.144069748402
-0.146634330119
-0.149174126123
-0.15168881088
-0.15417806293
-0.156641564928
-0.159079003681
-0.161490070188
-0.163874459678
-0.166231871645
-0.168562009889
-0.170864582545
-0.173139302127
-0.175385885554
-0.177604054188
-0.179793533867
-0.181954054939
-0.184085352288
-0.186187165372
-0.188259238249
-0.190301319608
-0.192313162797
-0.194294525853
-0.196245171529
-0.198164867319
-0.200053385487
-0.201910503089
-0.203736002
-0.20552966894
-0.20729129549
-0.209020678124
-0.210717618221
-0.212381922095
-0.214013401008
-0.215611871194
-0.217177153877
-0.218709075287
-0.22020746668
-0.221672164352
-0.223103009658
-0.224499849023
-0.22586253396
-0.227190921081
-0.228484872113
-0.229744253906
-0.230968938447
-0.23215880287
-0.233313729465
-0.23443360569
-0.235518324175
-0.236567782732
-0.237581884363
-0.238560537262
-0.239503654827
-0.240411155656
-0.241282963558
-0.242119007553
-0.242919221875
-0.243683545972
-0.244411924509
-0.245104307369
-0.245760649647
-0.246380911654
-0.246965058914
-0.247513062159
-0.248024897325
-0.248500545552
-0.248939993175
-0.249343231717
-0.249710257888
-0.250041073572
-0.250335685822
-0.25059410685
-0.250816354019
-0.251002449831
-0.251152421917
-0.251266303026
-0.25134413101
-0.251385948816
-0.251391804465
-0.251361751046
-0.251295846693
-0.251194154574
-0.251056742873
-0.250883684772
-0.250675058435
-0.250430946988
-0.250151438498
-0.249836625957
-0.249486607258
-0.249101485177
-0.248681367344
-0.248226366231
-0.24773659912
-0.247212188081
-0.24665325995
-0.246059946303
-0.245432383426
-0.244770712294
-0.244075078541
-0.243345632433
-0.242582528838
-0.2417859272
-0.240955991507
-0.240092890261
-0.239196796447
-0.238267887505
-0.237306345291
-0.236312356052
-0.235286110388
-0.234227803219
-0.233137633753
-0.232015805447
-0.230862525977
-0.229678007197
-0.228462465104
-0.227216119804
-0.225939195469
-0.224631920304
-0.223294526504
-0.221927250218
-0.22053033151
-0.219104014314
-0.217648546399
-0.216164179324
-0.214651168399
-0.213109772639
-0.211540254728
-0.209942880969
-0.208317921246
-0.206665648975
-0.204986341066
-0.203280277872
-0.201547743147
-0.199789023999
-0.198004410848
-0.196194197373
-0.194358680469
-0.192498160201
-0.190612939754
-0.188703325384
-0.186769626374
-0.184812154981
-0.182831226389
-0.18082715866
-0.178800272683
-0.176750892123
-0.174679343374
-0.172585955507
-0.170471060215
-0.168334991768
-0.166178086957
-0.164000685045
-0.161803127712
-0.159585759004
-0.157348925281
-0.155092975164
-0.15281825948
-0.150525131209
-0.148213945433
-0.14588505928
-0.14353883187
-0.14117562426
-0.138795799392
-0.136399722035
-0.133987758734
-0.131560277753
-0.129117649017
-0.126660244063
-0.124188435978
-0.12170259935
-0.119203110205
-0.116690345957
-0.11416468535
-0.1116265084
-0.109076196341
-0.106514131572
-0.103940697591
-0.101356278949
-0.098761261187
-0.096156030783
-0.093540975092
-0.090916482293
-0.088282941331
-0.085640741857
-0.082990274177
-0.080331929192
-0.077666098341
-0.074993173547
-0.072313547154
-0.069627611881
-0.066935760753
-0.064238387055
-0.061535884269
-0.058828646019
-0.056117066016
-0.053401538001
-0.050682455688
-0.047960212707
-0.04523520255
-0.042507818516
-0.03977845365
-0.037047500693
-0.034315352023
-0.0315823996
-0.028849034912
-0.026115648918
-0.023382631994
-0.020650373879
-0.017919263618
-0.01518968951
-0.012462039049
-0.009736698878
-0.007014054728
-0.004294491366
-0.001578392543
0.001133859061
0.003841881887
0.006545295554
0.00924372091
0.011936780082
0.014624096532
0.017305295104
0.019980002082
0.022647845233
0.025308453866
0.027961458878
0.030606492803
0.033243189867
0.035871186034
0.038490119057
0.041099628525
0.043699355915
0.046288944638
0.048868040086
0.051436289683
0.05399334293
0.056538851452
0.059072469046
0.061593851725
0.064102657766
0.066598547754
0.069081184628
0.071550233723
0.074005362819
0.07644624218
0.078872544601
0.081283945448
0.083680122701
0.086060757
0.08842553168
0.090774132818
0.09310624927
0.095421572715
0.097719797688
0.100000621629
0.102263744913
0.104508870893
0.106735705937
0.108943959467
0.111133343991
0.113303575145
0.115454371726
0.117585455728
0.119696552377
0.121787390166
0.123857700886
0.125907219664
0.127935684993
0.129942838762
0.131928426295
0.133892196374
0.135833901274
0.137753296794
0.139650142283
0.141524200674
0.143375238506
0.145203025959
0.147007336875
0.14878794879
0.150544642956
0.15227720437
0.153985421798
0.155669087796
0.157327998742
0.158961954851
0.160570760203
0.162154222761
0.163712154399
0.165244370916
0.16675069206
0.168230941548
0.169684947084
0.171112540378
0.172513557165
0.173887837221
0.175235224381
0.176555566553
0.177848715737
0.179114528038
0.180352863679
0.181563587019
0.182746566561
0.183901674969
0.185028789078
0.186127789904
0.187198562658
0.188240996753
0.189254985815
0.190240427692
0.191197224461
0.192125282438
0.193024512182
0.193894828504
0.194736150471
0.195548401413
0.196331508926
0.197085404875
0.197810025401
0.19850531092
0.199171206127
0.199807659998
0.200414625787
0.200992061033
0.201539927554
0.202058191447
0.202546823087
0.203005797128
0.203435092495
0.203834692383
0.204204584254
0.204544759829
0.204855215088
0.20513595026
0.205386969816
0.205608282467
0.205799901152
0.205961843031
0.206094129475
0.206196786061
0.206269842556
0.20631333291
0.206327295247
0.206311771847
0.206266809139
0.206192457686
0.206088772174
0.205955811394
0.205793638229
0.205602319641
0.205381926654
0.205132534336
0.204854221785
0.204547072109
0.204211172411
0.203846613769
0.203453491215
0.203031903721
0.202581954172
0.202103749352
0.201597399917
0.20106302038
0.200500729082
0.199910648174
0.199292903591
0.198647625031
0.197974945931
0.197275003437
0.196547938385
0.195793895274
0.195013022238
0.194205471019
0.193371396944
0.192510958893
0.191624319272
0.190711643986
0.189773102412
0.188808867361
0.187819115061
0.186804025113
0.185763780472
0.18469856741
0.183608575482
0.182493997503
0.181355029504
0.18019187071
0.179004723499
0.177793793371
0.176559288918
0.17530142178
0.174020406621
0.172716461087
0.171389805771
0.170040664179
0.168669262695
0.16727583054
0.165860599739
0.16442380508
0.162965684081
0.161486476948
0.159986426538
0.15846577832
0.156924780338
0.155363683168
0.153782739883
0.152182206009
0.150562339487
0.148923400631
0.147265652091
0.145589358806
0.143894787969
0.14218220898
0.140451893408
0.138704114949
0.136939149379
0.135157274518
0.133358770183
0.131543918147
0.129713002093
0.127866307575
0.126004121971
0.124126734439
0.122234435878
0.120327518877
0.118406277675
0.116471008115
0.1145220076
0.112559575048
0.110584010848
0.108595616811
0.10659469613
0.104581553332
0.102556494232
0.100519825889
0.098471856559
0.09641289565
0.094343253675
0.092263242207
0.090173173832
0.088073362107
0.085964121505
0.083845767377
0.081718615902
0.079582984043
0.077439189495
0.075287550645
0.073128386523
0.070962016755
0.068788761514
0.066608941481
0.064422877789
0.062230891985
0.060033305977
0.05783044199
0.055622622523
0.053410170294
0.051193408203
0.048972659279
0.046748246636
0.044520493428
0.0422897228
0.040056257845
0.037820421555
0.035582536777
0.033342926167
0.031101912141
0.028859816835
0.026616962055
0.024373669233
0.022130259383
0.019887053051
0.017644370277
0.015402530545
0.013161852739
0.010922655098
0.008685255175
0.006449969789
0.004217114981
0.001987005973
-0.000240042881
-0.002463718131
-0.004683707282
-0.006899698834
-0.009111382322
-0.011318448366
-0.013520588705
-0.015717496247
-0.017908865106
-0.020094390645
-0.022273769521
-0.024446699722
-0.026612880608
-0.028772012956
-0.030923798997
-0.03306794246
-0.035204148606
-0.037332124273
-0.039451577916
-0.041562219641
-0.043663761248
-0.04575591627
-0.047838400008
-0.049910929573
-0.051973223921
-0.05402500389
-0.056065992239
-0.058095913684
-0.060114494934
-0.062121464727
-0.064116553867
-0.066099495256
-0.068070023933
-0.070027877106
-0.07197279419
-0.073904516833
-0.075822788959
-0.077727356795
-0.079617968906
-0.081494376226
-0.083356332093
-0.085203592276
-0.087035915011
-0.088853061029
-0.090654793586
-0.092440878496
-0.094211084158
-0.095965181585
-0.097702944435
-0.099424149037
-0.101128574421
-0.102816002344
-0.104486217318
-0.106139006635
-0.107774160395
-0.109391471533
-0.110990735839
-0.112571751991
-0.11413432157
-0.115678249091
-0.117203342026
-0.118709410822
-0.12019626893
-0.121663732822
-0.123111622015
-0.124539759094
-0.125947969729
-0.127336082697
-0.128703929903
-0.130051346396
-0.131378170392
-0.13268424329
-0.133969409689
-0.135233517408
-0.1364764175
-0.137697964272
-0.138898015297
-0.140076431432
-0.141233076832
-0.142367818965
-0.143480528625
-0.144571079948
-0.14563935042
-0.146685220895
-0.147708575604
-0.148709302166
-0.149687291601
-0.150642438339
-0.151574640231
-0.152483798556
-0.153369818034
-0.154232606831
-0.155072076569
-0.155888142331
-0.156680722671
-0.157449739619
-0.158195118687
-0.158916788872
-0.159614682667
-0.16028873606
-0.160938888537
-0.161565083092
-0.162167266224
-0.16274538794
-0.16329940176
-0.163829264717
-0.164334937354
-0.164816383731
-0.165273571419
-0.165706471505
-0.166115058586
-0.166499310767
-0.166859209665
-0.1671947404
-0.167505891594
-0.167792655369
-0.168055027341
-0.168293006616
-0.168506595784
-0.168695800914
-0.168860631549
-0.169001100699
-0.169117224832
-0.169209023869
-0.169276521175
-0.169319743548
-0.169338721217
-0.169333487823
-0.169304080418
-0.169250539448
-0.169172908746
-0.16907123552
-0.168945570339
-0.168795967123
-0.168622483131
-0.168425178944
-0.168204118456
-0.167959368857
-0.167691000618
-0.16739908748
-0.167083706433
-0.166744937705
-0.166382864741
-0.165997574192
-0.165589155892
-0.165157702846
-0.164703311206
-0.164226080257
-0.163726112397
-0.163203513117
-0.162658390981
-0.162090857609
-0.161501027651
-0.160889018772
-0.160254951626
-0.159598949836
-0.158921139974
-0.158221651534
-0.157500616914
-0.156758171389
-0.155994453089
-0.155209602974
-0.154403764813
-0.153577085154
-0.152729713302
-0.151861801295
-0.150973503873
-0.150064978458
-0.149136385124
-0.14818788657
-0.147219648093
-0.146231837564
-0.145224625395
-0.144198184513
-0.143152690333
-0.142088320726
-0.141005255995
-0.139903678839
-0.138783774328
-0.137645729873
-0.136489735194
-0.135315982287
-0.134124665401
-0.132915980997
-0.131690127727
-0.130447306391
-0.129187719916
-0.127911573317
-0.126619073665
-0.125310430059
-0.123985853587
-0.122645557297
-0.121289756163
-0.11991866705
-0.118532508682
-0.117131501605
-0.115715868157
-0.11428583243
-0.112841620237
-0.111383459078
-0.109911578103
-0.108426208076
-0.106927581345
-0.1054159318
-0.103891494839
-0.102354507338
-0.100805207604
-0.09924383535
-0.097670631651
-0.09608583891
-0.094489700823
-0.092882462339
-0.091264369627
-0.089635670035
-0.087996612056
-0.086347445289
-0.084688420403
-0.083019789098
-0.081341804069
-0.079654718968
-0.077958788367
-0.076254267718
-0.074541413316
-0.072820482265
-0.071091732434
-0.069355422423
-0.067611811523
-0.06586115968
-0.064103727456
-0.062339775989
-0.060569566958
-0.058793362542
-0.057011425383
-0.05522401855
-0.053431405495
-0.051633850023
-0.049831616245
-0.048024968546
-0.046214171545
-0.044399490057
-0.042581189053
-0.040759533626
-0.038934788949
-0.037107220239
-0.035277092718
-0.033444671576
-0.031610221933
-0.029774008803
-0.02793629705
-0.02609735136
-0.024257436195
-0.022416815759
-0.020575753962
-0.018734514382
-0.016893360224
-0.015052554288
-0.013212358932
-0.01137303603
-0.009534846941
-0.007698052469
-0.005862912829
-0.004029687609
-0.002198635734
-0.00037001543
0.00145591581
0.003278901264
0.005098685016
0.00691501199
0.008727627987
0.010536279718
0.012340714842
0.014140681996
0.015935930834
0.017726212057
0.019511277452
0.02129087992
0.023064773516
0.024832713476
0.026594456255
0.028349759557
0.03009838237
0.031840084996
0.033574629088
0.035301777674
0.037021295196
0.03873294754
0.040436502064
0.042131727632
0.043818394644
0.045496275067
0.047165142465
0.048824772027
0.0504749406
0.052115426716
0.053746010621
0.055366474306
0.056976601533
0.058576177866
0.060164990695
0.061742829267
0.063309484713
0.064864750074
0.066408420325
0.067940292409
0.069460165254
0.070967839806
0.072463119051
0.073945808038
0.075415713911
0.076872645923
0.078316415471
0.079746836112
0.081163723587
0.08256689585
0.083956173084
0.085331377726
0.08669233449
0.088038870386
0.089370814745
0.090687999235
0.091990257886
0.093277427107
0.09454934571
0.095805854923
0.097046798415
0.098272022311
0.099481375213
0.100674708214
0.101851874921
0.103012731467
0.104157136531
0.105284951353
0.10639603975
0.107490268132
0.108567505517
0.109627623547
0.110670496498
0.111696001301
0.112704017549
0.113694427515
0.114667116161
0.115621971154
0.116558882876
0.117477744433
0.118378451672
0.119260903189
0.120125000336
0.120970647237
0.121797750793
0.122606220694
0.123395969424
0.124166912275
0.124918967349
0.125652055568
0.126366100685
0.127061029281
0.127736770782
0.128393257456
0.129030424426
0.129648209668
0.130246554021
0.130825401189
0.131384697741
0.131924393124
0.132444439656
0.132944792532
0.13342540983
0.133886252506
0.134327284401
0.134748472236
0.135149785619
0.135531197041
0.135892681874
0.136234218377
0.136555787686
0.136857373818
0.13713896367
0.137400547012
0.137642116486
0.137863667604
0.138065198745
0.138246711146
0.138408208903
0.138549698965
0.138671191126
0.138772698022
0.138854235123
0.13891582073
0.138957475963
0.138979224758
0.138981093858
0.138963112805
0.13892531393
0.138867732346
0.13879040594
0.13869337536
0.138576684009
0.138440378031
0.138284506301
0.138109120417
0.137914274686
0.137700026111
0.137466434382
0.137213561861
0.13694147357
0.136650237179
0.136339922987
0.136010603917
0.135662355494
0.135295255833
0.134909385625
0.13450482812
0.13408166911
0.133639996918
0.133179902377
0.132701478814
0.132204822035
0.131690030303
0.131157204328
0.130606447241
0.13003786458
0.129451564271
0.128847656608
0.128226254232
0.127587472118
0.126931427546
0.126258240087
0.125568031582
0.124860926119
0.124137050013
0.123396531784
0.122639502136
0.121866093936
0.12107644219
0.120270684021
0.119448958647
0.118611407358
0.11775817349
0.116889402406
0.116005241469
0.115105840018
0.114191349346
0.113261922673
0.112317715122
0.111358883696
0.110385587248
0.10939798646
0.108396243818
0.10738052358
0.106350991756
0.105307816079
0.104251165979
0.103181212557
0.102098128555
0.101002088334
0.099893267842
0.098771844587
0.097637997614
0.096491907472
0.095333756186
0.094163727233
0.09298200551
0.091788777306
0.090584230276
0.089368553408
0.088141936997
0.086904572613
0.085656653076
0.084398372424
0.083129925882
0.081851509836
0.0805633218
0.079265560387
0.077958425281
0.076642117203
0.075316837885
0.073982790037
0.072640177316
0.071289204299
0.069930076449
0.068563000084
0.06718818235
0.065805831188
0.064416155301
0.063019364127
0.061615667804
0.060205277144
0.058788403596
0.057365259219
0.055936056649
0.05450100907
0.053060330179
0.051614234158
0.050162935641
0.048706649683
0.047245591728
0.045779977581
0.044310023372
0.042835945526
0.041357960734
0.03987628592
0.038391138209
0.036902734896
0.035411293417
0.033917031313
0.032420166204
0.030920915754
0.029419497643
0.027916129532
0.026411029035
0.024904413687
0.023396500914
0.021887508
0.020377652059
0.018867150001
0.017356218503
0.015845073981
0.014333932554
0.012823010017
0.011312521812
0.009802682994
0.008293708204
0.006785811637
0.005279207013
0.003774107547
0.002270725921
0.000769274249
-0.000730035945
-0.002226993761
-0.003721388953
-0.005213011953
-0.006701653906
-0.008187106694
-0.009669162968
-0.011147616174
-0.012622260581
-0.014092891314
-0.015559304374
-0.017021296674
-0.018478666061
-0.019931211345
-0.021378732327
-0.022821029826
-0.024257905706
-0.025689162901
-0.027114605443
-0.02853403849
-0.029947268349
-0.031354102502
-0.032754349637
-0.034147819664
-0.035534323751
-0.036913674341
-0.038285685181
-0.039650171344
-0.041006949256
-0.04235583672
-0.043696652937
-0.045029218532
-0.046353355578
-0.04766888762
-0.048975639692
-0.050273438349
-0.051562111681
-0.052841489341
-0.054111402564
-0.055371684191
-0.056622168687
-0.057862692166
-0.059093092409
-0.060313208887
-0.061522882779
-0.062721956995
-0.063910276193
-0.065087686801
-0.066254037033
-0.067409176913
-0.068552958287
-0.06968523485
-0.070805862155
-0.071914697637
-0.073011600629
-0.074096432379
-0.075169056066
-0.076229336818
-0.077277141727
-0.078312339869
-0.079334802312
-0.080344402141
-0.081341014463
-0.082324516432
-0.083294787254
-0.08425170821
-0.085195162661
-0.086125036069
-0.087041216007
-0.08794359217
-0.088832056392
-0.089706502655
-0.090566827101
-0.091412928046
-0.092244705989
-0.093062063623
-0.093864905847
-0.094653139774
-0.095426674746
-0.096185422335
-0.096929296362
-0.097658212898
-0.098372090278
-0.099070849106
-0.099754412264
-0.100422704919
-0.101075654534
-0.101713190869
-0.10233524599
-0.102941754279
-0.103532652432
-0.104107879473
-0.104667376754
-0.105211087961
-0.105738959118
-0.106250938595
-0.106746977105
-0.107227027713
-0.10769104584
-0.108138989258
-0.108570818103
-0.10898649487
-0.109385984416
-0.109769253964
-0.110136273101
-0.110487013781
-0.110821450325
-0.11113955942
-0.111441320121
-0.111726713847
-0.111995724384
-0.112248337881
-0.112484542849
-0.112704330162
-0.112907693048
-0.113094627094
-0.113265130239
-0.113419202771
-0.113556847324
-0.113678068874
-0.113782874736
-0.113871274557
-0.113943280312
-0.113998906302
-0.114038169141
-0.11406108776
-0.114067683392
-0.11405797957
-0.114032002121
-0.113989779156
-0.113931341063
-0.113856720501
-0.113765952392
-0.113659073909
-0.113536124472
-0.113397145737
-0.113242181585
-0.113071278116
-0.112884483635
-0.112681848646
-0.112463425837
-0.112229270075
-0.111979438387
-0.111713989958
-0.111432986111
-0.111136490299
-0.110824568093
-0.110497287168
-0.110154717292
-0.109796930311
-0.109424000135
-0.109036002728
-0.108633016091
-0.108215120248
-0.107782397232
-0.107334931072
-0.106872807774
-0.106396115311
-0.105904943603
-0.105399384502
-0.104879531778
-0.104345481102
-0.10379733003
-0.103235177982
-0.102659126231
-0.102069277882
-0.101465737858
-0.100848612876
-0.100218011436
-0.099574043798
-0.098916821968
-0.098246459673
-0.09756307235
-0.09686677712
-0.096157692774
-0.095435939749
-0.094701640111
-0.093954917537
-0.093195897291
-0.092424706204
-0.091641472657
-0.090846326557
-0.090039399319
-0.089220823841
-0.088390734487
-0.087549267063
-0.086696558797
-0.085832748315
-0.084957975622
-0.084072382078
-0.083176110377
-0.082269304522
-0.081352109807
-0.08042467279
-0.079487141272
-0.078539664274
-0.077582392016
-0.076615475888
-0.075639068433
-0.074653323319
-0.073658395317
-0.07265444028
-0.071641615112
-0.070620077753
-0.069589987147
-0.068551503223
-0.067504786867
-0.066449999901
-0.065387305057
-0.064316865952
-0.063238847062
-0.062153413701
-0.061060731993
-0.059960968848
-0.058854291936
-0.057740869666
-0.056620871155
-0.055494466206
-0.054361825282
-0.053223119483
-0.052078520516
-0.050928200674
-0.049772332806
-0.048611090299
-0.047444647042
-0.046273177409
-0.04509685623
-0.043915858765
-0.04273036068
-0.04154053802
-0.040346567183
-0.039148624896
-0.037946888186
-0.036741534359
-0.03553274097
-0.0343206858
-0.033105546828
-0.031887502208
-0.030666730241
-0.029443409349
-0.028217718054
-0.026989834944
-0.025759938657
-0.024528207846
-0.023294821163
-0.022059957224
-0.020823794591
-0.019586511743
-0.018348287051
-0.017109298753
-0.01586972493
-0.014629743478
-0.013389532085
-0.012149268206
-0.010909129037
-0.009669291491
-0.008429932171
-0.007191227348
-0.005953352936
-0.004716484466
-0.003480797061
-0.002246465415
-0.001013663765
0.000217434132
0.001446655023
0.00267382618
0.003898775431
0.005121331177
0.006341322417
0.007558578776
0.008772930522
0.009984208594
0.011192244622
0.012396870953
0.013597920672
0.014795227624
0.015988626438
0.01717795255
0.018363042223
0.019543732573
0.020719861584
0.02189126814
0.023057792035
0.024219274006
0.025375555745
0.026526479926
0.027671890222
0.02881163133
0.02994554899
0.031073490001
0.032195302249
0.033310834722
0.034419937532
0.035522461931
0.036618260338
0.037707186351
0.038789094768
0.03986384161
0.040931284134
0.041991280856
0.043043691565
0.044088377346
0.045125200595
0.046154025035
0.04717471574
0.048187139142
0.049191163059
0.050186656705
0.051173490707
0.052151537124
0.053120669461
0.054080762687
0.055031693248
0.055973339085
0.056905579645
0.057828295903
0.058741370369
0.059644687109
0.060538131754
0.061421591517
0.062294955208
0.063158113242
0.064010957658
0.06485338213
0.065685281977
0.066506554182
0.067317097396
0.068116811956
0.068905599895
0.069683364954
0.070450012591
0.071205449993
0.071949586088
0.072682331556
0.073403598835
0.074113302135
0.074811357444
0.075497682543
0.076172197008
0.076834822223
0.07748548139
0.078124099532
0.078750603505
0.079364922006
0.079966985576
0.080556726615
0.081134079379
0.081698979994
0.082251366461
0.08279117866
0.083318358356
0.083832849207
0.084334596766
0.084823548489
0.085299653736
0.08576286378
0.086213131807
0.086650412921
0.08707466415
0.087485844445
0.087883914685
0.088268837683
0.088640578182
0.088999102862
0.089344380339
0.089676381169
0.089995077848
0.090300444812
0.090592458441
0.090871097056
0.091136340921
0.09138817224
0.091626575164
0.091851535781
0.092063042122
0.092261084156
0.092445653791
0.092616744869
0.092774353168
0.092918476398
0.093049114197
0.093166268129
0.093269941682
0.093360140264
0.0934368712
0.093500143725
0.093549968983
0.093586360024
0.093609331793
0.093618901132
0.093615086769
0.093597909319
0.093567391271
0.093523556986
0.093466432691
0.093396046473
0.093312428266
0.093215609854
0.093105624856
0.09298250872
0.092846298717
0.092697033934
0.092534755259
0.092359505382
0.092171328779
0.091970271705
0.091756382185
0.091529710007
0.091290306707
0.091038225563
0.090773521583
0.090496251496
0.09020647374
0.08990424845
0.089589637452
0.089262704246
0.088923513995
0.088572133516
0.088208631268
0.087833077337
0.087445543425
0.087046102838
0.08663483047
0.086211802797
0.085777097854
0.085330795229
0.084872976048
0.084403722959
0.083923120117
0.083431253174
0.082928209262
0.082414076978
0.081888946369
0.081352908918
0.080806057529
0.08024848651
0.07968029156
0.079101569749
0.078512419509
0.077912940608
0.077303234145
0.076683402524
0.076053549444
0.075413779877
0.074764200055
0.074104917454
0.07343604077
0.07275767991
0.072069945968
0.071372951212
0.070666809062
0.069951634076
0.06922754193
0.068494649398
0.067753074339
0.067002935673
0.066244353364
0.065477448403
0.064702342789
0.063919159508
0.063128022515
0.062329056715
0.061522387944
0.060708142951
0.059886449373
0.059057435723
0.058221231365
0.057377966495
0.056527772125
0.055670780057
0.054807122868
0.053936933888
0.053060347178
0.052177497514
0.051288520363
0.050393551864
0.049492728808
0.048586188616
0.04767406932
0.046756509542
0.045833648474
0.044905625853
0.043972581947
0.043034657529
0.042091993859
0.041144732661
0.040193016104
0.039236986778
0.038276787678
0.037312562179
0.036344454013
0.035372607257
0.0343971663
0.033418275831
0.032436080814
0.031450726467
0.030462358243
0.029471121805
0.028477163009
0.02748062788
0.026481662592
0.025480413448
0.024477026857
0.023471649313
0.022464427377
0.02145550765
0.020445036758
0.01943316133
0.018420027972
0.017405783253
0.016390573679
0.015374545676
0.014357845565
0.013340619545
0.012323013672
0.011305173834
0.010287245737
0.009269374879
0.008251706533
0.007234385724
0.00621755721
0.005201365463
0.004185954647
0.003171468597
0.002158050802
0.001145844382
0.00013499207
-0.000874363809
-0.001882081356
-0.002888019119
-0.003892036114
-0.004893991839
-0.005893746302
-0.006891160031
-0.007886094099
-0.008878410142
-0.009867970377
-0.01085463762
-0.011838275307
-0.012818747511
-0.013795918962
-0.014769655063
-0.015739821908
-0.016706286305
-0.017668915787
-0.018627578637
-0.019582143897
-0.020532481396
-0.021478461758
-0.022419956424
-0.023356837669
-0.024288978619
-0.025216253266
-0.026138536486
-0.027055704056
-0.027967632669
-0.028874199951
-0.029775284479
-0.030670765793
-0.031560524415
-0.032444441861
-0.033322400663
-0.034194284376
-0.0350599776
-0.035919365991
-0.036772336276
-0.037618776269
-0.038458574886
-0.039291622156
-0.040117809239
-0.040937028436
-0.041749173205
-0.042554138176
-0.04335181916
-0.044142113164
-0.044924918407
-0.045700134329
-0.046467661602
-0.047227402149
-0.047979259149
-0.048723137053
-0.049458941596
-0.050186579806
-0.050905960015
-0.051616991875
-0.052319586364
-0.053013655799
-0.053699113844
-0.054375875524
-0.055043857234
-0.055702976747
-0.056353153223
-0.056994307225
-0.05762636072
-0.058249237092
-0.058862861151
-0.059467159142
-0.06006205875
-0.060647489113
-0.061223380826
-0.061789665952
-0.062346278025
-0.062893152062
-0.063430224567
-0.063957433541
-0.064474718484
-0.064982020406
-0.065479281829
-0.065966446797
-0.066443460878
-0.066910271172
-0.067366826317
-0.06781307649
-0.068248973416
-0.06867447037
-0.069089522182
-0.069494085243
-0.069888117506
-0.07027157849
-0.070644429286
-0.071006632558
-0.071358152547
-0.071698955072
-0.072029007535
-0.072348278921
-0.072656739801
-0.072954362337
-0.073241120276
-0.073516988959
-0.073781945317
-0.074035967876
-0.074279036754
-0.074511133664
-0.074732241913
-0.074942346402
-0.075141433626
-0.075329491675
-0.075506510229
-0.075672480562
-0.07582739554
-0.075971249616
-0.076104038832
-0.076225760817
-0.076336414781
-0.076436001519
-0.076524523403
-0.076601984384
-0.076668389985
-0.076723747299
-0.076768064987
-0.076801353274
-0.076823623944
-0.076834890336
-0.076835167343
-0.076824471401
-0.076802820493
-0.076770234136
-0.076726733381
-0.076672340805
-0.076607080508
-0.076530978104
-0.07644406072
-0.076346356982
-0.076237897018
-0.076118712445
-0.075988836364
-0.075848303353
-0.07569714946
-0.075535412197
-0.07536313053
-0.075180344872
-0.074987097076
-0.074783430427
-0.074569389632
-0.074345020813
-0.074110371497
-0.073865490608
-0.073610428459
-0.073345236741
-0.073069968512
-0.072784678192
-0.07248942155
-0.072184255693
-0.071869239061
-0.07154443141
-0.071209893805
-0.070865688609
-0.070511879474
-0.070148531327
-0.069775710357
-0.069393484012
-0.069001920976
-0.068601091169
-0.068191065726
-0.06777191699
-0.067343718496
-0.066906544965
-0.066460472284
-0.066005577499
-0.065541938801
-0.065069635511
-0.064588748068
-0.064099358018
-0.063601547997
-0.063095401721
-0.062581003972
-0.062058440579
-0.061527798414
-0.060989165367
-0.060442630341
-0.059888283234
-0.059326214922
-0.058756517251
-0.058179283017
-0.057594605951
-0.057002580711
-0.056403302859
-0.055796868851
-0.055183376019
-0.054562922557
-0.053935607508
-0.053301530745
-0.052660792956
-0.052013495631
-0.051359741043
-0.050699632234
-0.050033273
-0.049360767873
-0.048682222107
-0.047997741659
-0.047307433176
-0.046611403977
-0.045909762038
-0.045202615973
-0.04449007502
-0.043772249023
-0.043049248417
-0.04232118421
-0.041588167966
-0.040850311791
-0.040107728311
-0.03936053066
-0.038608832462
-0.037852747811
-0.037092391259
-0.036327877795
-0.035559322828
-0.034786842173
-0.034010552032
-0.033230568975
-0.032447009927
-0.031659992145
-0.030869633208
-0.030076050993
-0.029279363662
-0.028479689642
-0.02767714761
-0.026871856475
-0.026063935359
-0.025253503582
-0.024440680642
-0.023625586202
-0.022808340068
-0.021989062174
-0.021167872564
-0.020344891376
-0.019520238823
-0.018694035176
-0.017866400749
-0.017037455877
-0.016207320904
-0.015376116163
-0.014543961959
-0.013710978552
-0.012877286142
-0.012043004847
-0.011208254691
-0.010373155584
-0.009537827307
-0.008702389493
-0.007866961613
-0.007031662956
-0.006196612613
-0.005361929463
-0.004527732153
-0.003694139082
-0.002861268388
-0.002029237926
-0.001198165255
-0.000368167621
0.000460638059
0.001288135213
0.002114207633
0.002938739486
0.003761615333
0.004582720148
0.005401939325
0.006219158703
0.007034264577
0.007847143713
0.008657683367
0.009465771296
0.010271295776
0.011074145618
0.01187421018
0.012671379385
0.013465543732
0.014256594316
0.01504442284
0.015828921627
0.016609983639
0.017387502489
0.018161372456
0.018931488497
0.019697746263
0.020460042114
0.02121827313
0.021972337126
0.022722132664
0.02346755907
0.024208516444
0.024944905674
0.025676628447
0.026403587268
0.027125685464
0.027842827204
0.028554917508
0.029261862259
0.029963568216
0.030659943028
0.03135089524
0.032036334312
0.032716170626
0.033390315497
0.034058681187
0.034721180916
0.03537772887
0.036028240215
0.036672631104
0.037310818692
0.037942721144
0.038568257643
0.039187348406
0.039799914687
0.04040587879
0.041005164081
0.041597694991
0.042183397032
0.042762196802
0.043334021993
0.043898801404
0.044456464945
0.045006943648
0.045550169675
0.046086076324
0.046614598041
0.047135670421
0.047649230224
0.048155215373
0.048653564968
0.049144219292
0.049627119814
0.0501022092
0.050569431317
0.051028731238
0.051480055252
0.051923350865
0.052358566812
0.052785653056
0.053204560795
0.05361524247
0.054017651769
0.054411743628
0.054797474241
0.055174801059
0.055543682799
0.055904079446
0.056255952256
0.056599263759
0.056933977766
0.057260059369
0.057577474946
0.057886192162
0.058186179973
0.058477408627
0.05875984967
0.059033475944
0.05929826159
0.059554182051
0.059801214074
0.060039335707
0.060268526307
0.060488766536
0.060700038361
0.06090232506
0.061095611217
0.061279882727
0.06145512679
0.061621331917
0.061778487926
0.061926585944
0.062065618401
0.062195579038
0.062316462897
0.062428266326
0.062530986973
0.06262462379
0.062709177024
0.062784648222
0.062851040222
0.062908357159
0.062956604454
0.062995788817
0.06302591824
0.063047002
0.063059050647
0.06306207601
0.063056091186
0.063041110541
0.063017149701
0.062984225554
0.062942356242
0.062891561156
0.062831860935
0.062763277456
0.062685833833
0.062599554412
0.062504464761
0.062400591672
0.062287963147
0.0621666084
0.062036557844
0.06189784309
0.06175049694
0.061594553378
0.061430047564
0.061257015829
0.061075495668
0.060885525731
0.060687145816
0.060480396864
0.060265320948
0.060041961269
0.059810362144
0.059570569002
0.059322628373
0.059066587881
0.058802496236
0.058530403224
0.058250359698
0.057962417573
0.057666629811
0.057363050417
0.057051734427
0.056732737899
0.056406117905
0.056071932519
0.055730240807
0.055381102822
0.055024579587
0.054660733091
0.054289626272
0.053911323015
0.053525888133
0.053133387362
0.052733887349
0.052327455641
0.05191416067
0.05149407175
0.051067259059
0.05063379363
0.050193747341
0.049747192899
0.049294203835
0.048834854486
0.048369219987
0.047897376258
0.047419399991
0.046935368639
0.046445360405
0.045949454226
0.045447729765
0.044940267395
0.044427148188
0.043908453904
0.043384266973
0.04285467049
0.042319748195
0.041779584465
0.041234264296
0.040683873296
0.040128497667
0.039568224195
0.039003140235
0.038433333695
0.037858893031
0.037279907223
0.03669646577
0.036108658672
0.035516576417
0.034920309968
0.034319950751
0.033715590636
0.03310732193
0.032495237357
0.031879430048
0.031259993527
0.030637021695
0.030010608817
0.029380849507
0.028747838718
0.028111671723
0.027472444102
0.02683025173
0.026185190763
0.025537357619
0.024886848971
0.024233761726
0.023578193016
0.02292024018
0.022260000754
0.021597572453
0.020933053156
0.020266540897
0.019598133847
0.018927930298
0.018256028654
0.017582527413
0.016907525153
0.01623112052
0.01555341221
0.014874498961
0.01419447953
0.013513452689
0.012831517201
0.012148771815
0.011465315245
0.010781246159
0.010096663165
0.009411664796
0.008726349497
0.008040815609
0.00735516136
0.006669484846
0.005983884018
0.005298456672
0.00461330043
0.00392851273
0.003244190811
0.002560431701
0.001877332201
0.001194988872
0.000513498024
-0.000167044302
-0.000846542341
-0.001524900623
-0.002202023983
-0.002877817575
-0.003552186886
-0.004225037748
-0.00489627635
-0.005565809253
-0.0062335434
-0.006899386132
-0.0075632452
-0.008225028774
-0.008884645459
-0.009542004308
-0.010197014831
-0.01084958701
-0.011499631309
-0.012147058688
-0.012791780616
-0.013433709078
-0.014072756591
-0.014708836217
-0.015341861568
-0.015971746824
-0.016598406743
-0.017221756669
-0.017841712548
-0.018458190936
-0.019071109009
-0.019680384578
-0.020285936096
-0.020887682671
-0.021485544074
-0.022079440754
-0.022669293843
-0.023255025169
-0.023836557267
-0.024413813387
-0.024986717505
-0.025555194332
-0.026119169324
-0.026678568694
-0.027233319415
-0.027783349236
-0.02832858669
-0.028868961097
-0.029404402582
-0.029934842076
-0.03046021133
-0.03098044292
-0.031495470258
-0.032005227598
-0.032509650046
-0.033008673566
-0.03350223499
-0.033990272024
-0.034472723259
-0.034949528171
-0.035420627136
-0.035885961435
-0.036345473259
-0.036799105717
-0.037246802844
-0.037688509604
-0.038124171902
-0.038553736586
-0.038977151455
-0.039394365263
-0.039805327727
-0.040209989535
-0.040608302344
-0.041000218793
-0.041385692505
-0.041764678093
-0.042137131163
-0.042503008322
-0.042862267181
-0.04321486636
-0.04356076549
-0.043899925221
-0.044232307225
-0.044557874198
-0.044876589866
-0.045188418988
-0.045493327359
-0.045791281812
-0.046082250225
-0.046366201521
-0.046643105673
-0.046912933703
-0.047175657687
-0.047431250761
-0.047679687115
-0.047920942003
-0.04815499174
-0.048381813707
-0.048601386348
-0.048813689178
-0.04901870278
-0.049216408805
-0.049406789978
-0.049589830093
-0.04976551402
-0.049933827699
-0.050094758146
-0.05024829345
-0.050394422773
-0.050533136351
-0.050664425496
-0.050788282591
-0.050904701092
-0.051013675527
-0.051115201497
-0.051209275671
-0.051295895789
-0.051375060657
-0.051446770149
-0.051511025203
-0.051567827821
-0.051617181065
-0.051659089058
-0.051693556978
-0.051720591059
-0.051740198587
-0.051752387898
-0.051757168373
-0.051754550441
-0.051744545566
-0.051727166256
-0.051702426049
-0.051670339515
-0.051630922252
-0.051584190882
-0.051530163043
-0.051468857394
-0.0514002936
-0.051324492337
-0.051241475282
-0.051151265109
-0.051053885488
-0.050949361073
-0.050837717506
-0.050718981404
-0.050593180358
-0.050460342928
-0.050320498633
-0.050173677951
-0.05001991231
-0.04985923408
-0.049691676574
-0.049517274035
-0.049336061631
-0.049148075453
-0.048953352502
-0.048751930689
-0.04854384882
-0.048329146599
-0.048107864613
-0.047880044328
-0.047645728082
-0.047404959077
-0.047157781372
-0.046904239875
-0.046644380335
-0.046378249336
-0.046105894286
-0.045827363412
-0.045542705749
-0.045251971136
-0.044955210204
-0.044652474367
-0.044343815817
-0.044029287513
-0.043708943174
-0.043382837266
-0.043051024999
-0.042713562315
-0.042370505877
-0.042021913064
-0.041667841958
-0.041308351337
-0.040943500664
-0.04057335008
-0.040197960392
-0.039817393062
-0.039431710202
-0.039040974561
-0.038645249514
-0.038244599053
-0.037839087781
-0.037428780895
-0.037013744179
-0.036594043997
-0.036169747276
-0.0357409215
-0.0353076347
-0.03486995544
-0.034427952811
-0.033981696415
-0.033531256359
-0.033076703241
-0.032618108143
-0.032155542614
-0.031689078665
-0.031218788756
-0.030744745784
-0.030267023073
-0.029785694361
-0.029300833792
-0.028812515904
-0.028320815615
-0.027825808214
-0.027327569351
-0.026826175023
-0.026321701562
-0.025814225629
-0.025303824195
-0.024790574536
-0.024274554217
-0.023755841084
-0.023234513251
-0.022710649085
-0.022184327203
-0.02165562645
-0.021124625895
-0.020591404817
-0.020056042693
-0.019518619186
-0.018979214134
-0.01843790754
-0.017894779555
-0.017349910473
-0.016803380716
-0.016255270821
-0.01570566143
-0.015154633281
-0.014602267191
-0.014048644046
-0.013493844794
-0.012937950425
-0.012381041967
-0.01182320047
-0.011264506997
-0.010705042611
-0.010144888361
-0.009584125276
-0.00902283435
-0.008461096529
-0.007898992702
-0.007336603692
-0.006774010238
-0.006211292987
-0.005648532487
-0.005085809166
-0.00452320333
-0.003960795145
-0.003398664631
-0.002836891648
-0.002275555883
-0.001714736844
-0.001154513843
-0.000594965991
-0.000036172182
0.000521788916
0.00107883887
0.001634899498
0.002189892873
0.002743741339
0.00329636752
0.003847694331
0.004397644987
0.004946143014
0.005493112263
0.006038476915
0.006582161495
0.007124090879
0.007664190311
0.008202385402
0.008738602153
0.009272766953
0.009804806598
0.010334648296
0.010862219677
0.011387448806
0.011910264189
0.012430594783
0.012948370009
0.013463519755
0.013975974393
0.014485664782
0.01499252228
0.015496478752
0.015997466581
0.016495418672
0.016990268468
0.017481949953
0.017970397662
0.018455546691
0.018937332703
0.01941569194
0.019890561226
0.020361877982
0.020829580225
0.021293606587
0.021753896312
0.022210389271
0.022663025967
0.023111747543
0.02355649579
0.023997213152
0.024433842736
0.024866328319
0.025294614352
0.025718645971
0.026138369
0.026553729961
0.026964676079
0.027371155287
0.027773116236
0.028170508298
0.028563281574
0.028951386899
0.029334775849
0.029713400744
0.030087214659
0.030456171425
0.030820225635
0.031179332651
0.031533448608
0.031882530421
0.032226535786
0.03256542319
0.032899151911
0.033227682026
0.033550974414
0.03386899076
0.03418169356
0.034489046127
0.034791012591
0.035087557904
0.035378647848
0.035664249034
0.035944328904
0.036218855742
0.036487798669
0.036751127651
0.037008813502
0.037260827883
0.03750714331
0.037747733153
0.037982571638
0.038211633854
0.038434895749
0.038652334139
0.038863926703
0.03906965199
0.03926948942
0.039463419281
0.039651422739
0.039833481832
0.040009579472
0.040179699453
0.040343826441
0.040501945986
0.040654044515
0.040800109334
0.040940128633
0.041074091481
0.041201987828
0.041323808505
0.041439545228
0.041549190589
0.041652738065
0.041750182012
0.041841517667
0.041926741144
0.042005849438
0.042078840422
0.042145712844
0.042206466329
0.042261101377
0.042309619358
0.042352022517
0.042388313967
0.04241849769
0.042442578532
0.042460562207
0.042472455288
0.04247826521
0.042478000264
0.042471669596
0.042459283206
0.042440851944
0.042416387504
0.042385902428
0.042349410095
0.042306924726
0.042258461373
0.042204035921
0.042143665081
0.042077366391
0.042005158206
0.041927059699
0.041843090855
0.041753272468
0.041657626135
0.041556174253
0.041448940017
0.041335947409
0.0412172212
0.041092786943
0.040962670965
0.040826900369
0.04068550302
0.040538507549
0.040385943342
0.040227840536
0.040064230013
0.039895143397
0.039720613045
0.039540672044
0.039355354204
0.03916469405
0.038968726822
0.038767488462
0.038561015612
0.038349345606
0.038132516465
0.037910566889
0.037683536252
0.037451464594
0.037214392614
0.036972361667
0.03672541375
0.036473591503
0.036216938195
0.035955497723
0.0356893146
0.035418433949
0.035142901498
0.03486276357
0.034578067075
0.034288859506
0.033995188926
0.033697103967
0.033394653815
0.033087888207
0.032776857422
0.032461612274
0.032142204099
0.031818684753
0.031491106602
0.031159522512
0.030823985841
0.030484550433
0.030141270607
0.02979420115
0.029443397308
0.029088914778
0.028730809697
0.028369138637
0.028003958595
0.027635326981
0.027263301613
0.026887940708
0.026509302872
0.026127447089
0.025742432716
0.025354319471
0.024963167426
0.024569036997
0.024171988933
0.023772084311
0.023369384522
0.022963951265
0.022555846538
0.022145132626
0.021731872094
0.021316127776
0.020897962768
0.020477440416
0.020054624307
0.019629578262
0.019202366324
0.018773052748
0.018341701995
0.017908378718
0.017473147758
0.017036074126
0.016597223005
0.016156659728
0.01571444978
0.015270658778
0.014825352471
0.014378596721
0.013930457503
0.013481000888
0.013030293036
0.012578400187
0.012125388652
0.011671324799
0.011216275051
0.010760305869
0.010303483748
0.009845875203
0.009387546763
0.008928564959
0.008468996316
0.008008907344
0.007548364526
0.007087434311
0.006626183104
0.006164677255
0.005702983053
0.005241166711
0.004779294364
0.004317432055
0.003855645723
0.003394001202
0.002932564205
0.002471400316
0.002010574983
0.001550153507
0.001090201033
0.000630782543
0.000171962843
-0.000286193443
-0.000743621881
-0.001200258239
-0.001656038495
-0.002110898844
-0.002564775708
-0.003017605746
-0.00346932586
-0.003919873207
-0.004369185204
-0.004817199539
-0.005263854178
-0.005709087375
-0.006152837679
-0.006595043944
-0.007035645336
-0.007474581339
-0.007911791769
-0.008347216776
-0.008780796856
-0.009212472858
-0.009642185991
-0.010069877832
-0.010495490335
-0.010918965838
-0.01134024707
-0.01175927716
-0.012175999643
-0.012590358469
-0.013002298009
-0.013411763063
-0.013818698868
-0.014223051102
-0.014624765896
-0.015023789838
-0.015420069978
-0.01581355384
-0.016204189425
-0.016591925218
-0.016976710197
-0.017358493836
-0.017737226114
-0.018112857522
-0.018485339067
-0.018854622279
-0.019220659218
-0.01958340248
-0.0199428052
-0.020298821063
-0.020651404306
-0.021000509725
-0.021346092681
-0.021688109103
-0.022026515498
-0.022361268952
-0.022692327138
-0.023019648319
-0.023343191355
-0.023662915707
-0.023978781443
-0.024290749241
-0.024598780395
-0.024902836819
-0.02520288105
-0.025498876259
-0.025790786244
-0.026078575447
-0.026362208947
-0.026641652471
-0.026916872395
-0.02718783575
-0.027454510223
-0.027716864161
-0.027974866578
-0.028228487154
-0.02847769624
-0.028722464864
-0.028962764727
-0.029198568216
-0.029429848398
-0.029656579026
-0.029878734545
-0.030096290089
-0.030309221488
-0.030517505266
-0.030721118649
-0.030920039562
-0.031114246635
-0.031303719201
-0.031488437302
-0.031668381688
-0.031843533819
-0.032013875869
-0.032179390724
-0.032340061985
-0.032495873971
-0.032646811717
-0.032792860976
-0.032934008222
-0.033070240648
-0.03320154617
-0.033327913422
-0.033449331765
-0.033565791279
-0.033677282768
-0.03378379776
-0.033885328507
-0.033981867982
-0.034073409884
-0.034159948632
-0.034241479371
-0.034317997967
-0.034389501007
-0.034455985802
-0.034517450381
-0.034573893495
-0.034625314612
-0.034671713919
-0.03471309232
-0.034749451435
-0.034780793597
-0.034807121853
-0.034828439962
-0.03484475239
-0.034856064316
-0.03486238162
-0.034863710891
-0.034860059416
-0.034851435188
-0.034837846892
-0.034819303913
-0.034795816329
-0.034767394907
-0.034734051105
-0.034695797064
-0.034652645611
-0.03460461025
-0.034551705166
-0.034493945214
-0.034431345924
-0.03436392349
-0.034291694774
-0.034214677296
-0.034132889235
-0.034046349425
-0.033955077349
-0.033859093138
-0.033758417562
-0.033653072035
-0.033543078603
-0.033428459942
-0.033309239355
-0.03318544077
-0.033057088728
-0.032924208388
-0.032786825516
-0.032644966481
-0.032498658254
-0.0323479284
-0.032192805074
-0.032033317016
-0.031869493547
-0.031701364562
-0.031528960528
-0.031352312474
-0.031171451991
-0.030986411223
-0.030797222864
-0.030603920148
-0.030406536851
-0.030205107279
-0.029999666263
-0.029790249158
-0.029576891831
-0.029359630659
-0.029138502522
-0.028913544796
-0.028684795349
-0.028452292534
-0.028216075181
-0.027976182593
-0.027732654539
-0.027485531248
-0.027234853401
-0.026980662126
-0.026722998992
-0.026461906
-0.026197425579
-0.025929600577
-0.025658474256
-0.025384090286
-0.025106492734
-0.024825726062
-0.024541835116
-0.024254865124
-0.023964861682
-0.023671870753
-0.023375938659
-0.023077112069
-0.022775437999
-0.022470963798
-0.022163737146
-0.021853806045
-0.021541218809
-0.021226024061
-0.020908270722
-0.020588008005
-0.020265285409
-0.019940152709
-0.01961265995
-0.019282857438
-0.018950795735
-0.018616525648
-0.018280098225
-0.017941564744
-0.017600976708
-0.017258385836
-0.016913844055
-0.016567403492
-0.01621911647
-0.015869035493
-0.015517213246
-0.015163702582
-0.014808556515
-0.014451828216
-0.014093571
-0.01373383832
-0.013372683762
-0.013010161031
-0.01264632395
-0.012281226448
-0.011914922553
-0.011547466385
-0.011178912145
-0.010809314113
-0.010438726635
-0.010067204115
-0.009694801013
-0.009321571829
-0.008947571102
-0.008572853398
-0.008197473305
-0.007821485422
-0.007444944353
-0.007067904701
-0.006690421057
-0.006312547994
-0.005934340057
-0.00555585176
-0.005177137573
-0.004798251919
-0.00441924916
-0.004040183597
-0.003661109456
-0.003282080885
-0.002903151943
-0.002524376594
-0.002145808699
-0.001767502009
-0.001389510156
-0.001011886649
-0.000634684861
-0.000257958027
0.000118240766
0.000493858586
0.000868842665
0.001243140402
0.001616699374
0.001989467342
0.00236139226
0.002732422278
0.003102505753
0.003471591253
0.003839627568
0.004206563712
0.004572348935
0.004936932726
0.005300264822
0.005662295213
0.006022974152
0.006382252156
0.006740080021
0.00709640882
0.007451189916
0.007804374963
0.008155915918
0.008505765045
0.008853874919
0.009200198435
0.009544688817
0.009887299616
0.010227984724
0.010566698377
0.01090339516
0.011238030016
0.011570558247
0.011900935526
0.012229117899
0.012555061789
0.012878724006
0.013200061751
0.01351903262
0.013835594611
0.01414970613
0.014461325992
0.014770413434
0.015076928113
0.015380830114
0.015682079956
0.015980638595
0.016276467431
0.01656952831
0.016859783532
0.017147195855
0.017431728495
0.017713345139
0.017992009941
0.018267687534
0.018540343027
0.018809942015
0.019076450582
0.019339835301
0.019600063244
0.019857101982
0.020110919591
0.020361484653
0.020608766264
0.020852734033
0.021093358089
0.021330609083
0.021564458193
0.021794877123
0.022021838112
0.022245313934
0.022465277901
0.022681703866
0.022894566227
0.02310383993
0.02330950047
0.023511523896
0.02370988681
0.023904566374
0.024095540309
0.0242827869
0.024466284996
0.024646014012
0.024821953933
0.024994085317
0.025162389292
0.025326847562
0.025487442408
0.025644156689
0.025796973844
0.025945877893
0.02609085344
0.026231885671
0.026368960358
0.026502063862
0.026631183129
0.026756305692
0.026877419678
0.026994513801
0.027107577367
0.027216600272
0.027321573008
0.027422486655
0.027519332889
0.027612103979
0.027700792787
0.027785392769
0.027865897974
0.027942303046
0.028014603221
0.028082794329
0.028146872795
0.028206835632
0.02826268045
0.028314405449
0.028362009418
0.02840549174
0.028444852385
0.028480091911
0.028511211467
0.028538212785
0.028561098185
0.02857987057
0.028594533426
0.028605090822
0.028611547405
0.028613908404
0.02861217962
0.028606367435
0.0285964788
0.02858252124
0.02856450285
0.028542432291
0.028516318792
0.028486172143
0.028452002698
0.028413821367
0.028371639619
0.028325469477
0.028275323513
0.028221214851
0.028163157159
0.02810116465
0.028035252076
0.027965434729
0.027891728433
0.027814149546
0.027732714952
0.027647442064
0.027558348813
0.02746545365
0.027368775544
0.027268333971
0.02716414892
0.027056240881
0.026944630846
0.026829340306
0.026710391243
0.026587806129
0.026461607923
0.026331820063
0.026198466467
0.026061571526
0.025921160098
0.025777257508
0.025629889541
0.025479082438
0.025324862892
0.025167258043
0.025006295475
0.024842003208
0.024674409697
0.024503543825
0.024329434901
0.02415211265
0.023971607213
0.02378794914
0.023601169387
0.023411299308
0.023218370649
0.023022415551
0.022823466533
0.022621556496
0.022416718714
0.022208986829
0.021998394846
0.021784977127
0.021568768387
0.021349803687
0.021128118428
0.020903748348
0.020676729514
0.020447098317
0.020214891467
0.019980145987
0.019742899206
0.019503188755
0.019261052561
0.019016528839
0.018769656089
0.018520473087
0.018269018883
0.018015332791
0.017759454387
0.017501423497
0.017241280199
0.016979064809
0.016714817881
0.016448580196
0.016180392761
0.015910296797
0.015638333738
0.015364545221
0.015088973082
0.014811659348
0.014532646234
0.014251976132
0.013969691609
0.013685835396
0.013400450387
0.01311357963
0.012825266317
0.012535553787
0.012244485509
0.011952105082
0.011658456228
0.011363582784
0.011067528695
0.010770338011
0.010472054875
0.010172723523
0.009872388273
0.00957109352
0.009268883729
0.00896580343
0.008661897209
0.008357209706
0.008051785601
0.007745669618
0.007438906507
0.007131541048
0.006823618036
0.006515182282
0.006206278601
0.005896951807
0.005587246708
0.005277208101
0.00496688076
0.004656309435
0.004345538843
0.004034613662
0.003723578528
0.003412478022
0.003101356669
0.002790258931
0.002479229199
0.002168311788
0.00185755093
0.00154699077
0.001236675356
0.000926648636
0.000616954451
0.000307636528
-0.000001261524
-0.000309696221
-0.000617624214
-0.000925002286
-0.001231787368
-0.001537936538
-0.001843407029
-0.002148156236
-0.00245214172
-0.002755321216
-0.003057652636
-0.003359094077
-0.003659603826
-0.003959140365
-0.004257662378
-0.004555128755
-0.004851498599
-0.005146731231
-0.005440786196
-0.005733623265
-0.006025202446
-0.006315483986
-0.006604428378
-0.006891996362
-0.007178148936
-0.007462847358
-0.007746053152
-0.008027728113
-0.00830783431
-0.008586334096
-0.008863190107
-0.009138365272
-0.009411822814
-0.009683526258
-0.009953439432
-0.010221526475
-0.010487751842
-0.010752080305
-0.01101447696
-0.011274907234
-0.011533336882
-0.011789731999
-0.012044059022
-0.012296284732
-0.01254637626
-0.012794301092
-0.013040027071
-0.013283522403
-0.013524755661
-0.013763695786
-0.014000312095
-0.014234574283
-0.014466452424
-0.01469591698
-0.014922938801
-0.015147489129
-0.015369539604
-0.015589062264
-0.015806029549
-0.016020414307
-0.016232189795
-0.016441329683
-0.016647808056
-0.016851599418
-0.017052678696
-0.017251021241
-0.017446602832
-0.017639399679
-0.017829388424
-0.018016546147
-0.018200850365
-0.018382279038
-0.018560810567
-0.018736423802
-0.01890909804
-0.019078813028
-0.019245548968
-0.019409286515
-0.019570006783
-0.019727691343
-0.019882322231
-0.020033881941
-0.020182353436
-0.020327720143
-0.020469965959
-0.02060907525
-0.020745032852
-0.020877824077
-0.021007434709
-0.021133851007
-0.021257059708
-0.021377048027
-0.021493803657
-0.021607314773
-0.021717570029
-0.021824558562
-0.021928269991
-0.022028694421
-0.022125822438
-0.022219645114
-0.022310154008
-0.022397341162
-0.022481199107
-0.02256172086
-0.022638899923
-0.022712730288
-0.022783206431
-0.022850323318
-0.022914076402
-0.022974461621
-0.023031475403
-0.02308511466
-0.023135376793
-0.023182259687
-0.023225761715
-0.023265881733
-0.023302619083
-0.023335973592
-0.023365945567
-0.023392535801
-0.023415745567
-0.02343557662
-0.023452031193
-0.023465112
-0.023474822232
-0.023481165556
-0.023484146113
-0.023483768522
-0.023480037871
-0.023472959721
-0.023462540102
