0.999214845007
0.998288167815
0.997220302744
0.996011603793
0.994662444559
0.99317321816
0.991544337145
0.989776233412
0.987869358117
0.985824181582
0.983641193202
0.981320901345
0.978863833254
0.976270534947
0.973541571109
0.970677524984
0.96767899827
0.964546611001
0.961281001438
0.957882825946
0.954352758881
0.950691492462
0.946899736649
0.942978219017
0.938927684628
0.934748895897
0.930442632458
0.926009691033
0.921450885288
0.916767045695
0.911959019392
0.907027670034
0.90197387765
0.896798538488
0.891502564873
0.886086885046
0.880552443012
0.874900198382
0.869131126215
0.863246216854
0.857246475767
0.851132923377
0.8449065949
0.83856854017
0.832119823476
0.825561523382
0.818894732557
0.812120557598
0.805240118851
0.798254550234
0.791164999052
0.783972625817
0.776678604064
0.769284120162
0.761790373129
0.754198574439
0.746509947838
0.738725729144
0.730847166059
0.722875517972
0.714812055761
0.7066580616
0.698414828752
0.690083661376
0.681665874321
0.673162792927
0.664575752814
0.655906099684
0.647155189111
0.638324386332
0.629415066042
0.62042861218
0.611366417725
0.602229884474
0.593020422839
0.583739451628
0.574388397833
0.564968696412
0.555481790076
0.545929129069
0.536312170951
0.526632380382
0.516891228899
0.507090194698
0.497230762415
0.487314422901
0.477342673004
0.467317015345
0.457238958095
0.447110014752
0.436931703919
0.426705549077
0.416433078364
0.406115824346
0.395755323796
0.385353117466
0.374910749863
0.364429769021
0.353911726277
0.343358176045
0.332770675587
0.322150784789
0.311500065937
0.300820083482
0.290112403825
0.27937859508
0.268620226856
0.257838870025
0.247036096499
0.236213479003
0.225372590851
0.214515005718
0.203642297416
0.192756039669
0.181857805889
0.170949168953
0.160031700975
0.149106973088
0.138176555215
0.127242015854
0.11630492185
0.105366838176
0.094429327713
0.083493951029
0.072562266159
0.061635828386
0.050716190026
0.039804900205
0.02890350465
0.018013545466
0.007136560923
-0.003725914754
-0.014572351603
-0.025401224138
-0.036211011553
-0.047000197943
-0.057767272504
-0.068510729748
-0.079229069705
-0.089920798135
-0.100584426728
-0.11121847331
-0.121821462047
-0.132391923645
-0.142928395551
-0.153429422152
-0.163893554972
-0.174319352873
-0.184705382242
-0.195050217193
-0.205352439756
-0.215610640067
-0.22582341656
-0.235989376155
-0.246107134443
-0.256175315872
-0.266192553932
-0.276157491336
-0.286068780201
-0.295925082226
-0.30572506887
-0.315467421531
-0.325150831711
-0.334774001201
-0.34433564224
-0.353834477691
-0.363269241206
-0.37263867739
-0.381941541968
-0.391176601944
-0.400342635761
-0.40943843346
-0.418462796836
-0.427414539592
-0.436292487492
-0.44509547851
-0.453822362979
-0.462472003741
-0.471043276285
-0.479535068893
-0.487946282781
-0.496275832237
-0.504522644757
-0.512685661179
-0.520763835814
-0.528756136579
-0.536661545122
-0.544479056951
-0.552207681555
-0.559846442524
-0.567394377674
-0.574850539157
-0.582213993581
-0.589483822122
-0.59665912063
-0.603738999744
-0.610722584992
-0.617609016897
-0.624397451079
-0.631087058353
-0.637677024824
-0.644166551986
-0.650554856809
-0.656841171831
-0.663024745246
-0.669104840988
-0.675080738814
-0.680951734382
-0.686717139334
-0.692376281366
-0.697928504304
-0.703373168174
-0.70870964927
-0.713937340221
-0.719055650052
-0.724064004247
-0.728961844806
-0.733748630305
-0.738423835943
-0.742986953599
-0.747437491878
-0.751774976156
-0.755998948629
-0.760108968348
-0.764104611263
-0.767985470255
-0.771751155174
-0.775401292868
-0.778935527212
-0.782353519137
-0.785654946651
-0.788839504861
-0.791906905995
-0.794856879415
-0.797689171634
-0.800403546324
-0.802999784331
-0.805477683676
-0.807837059564
-0.810077744381
-0.812199587698
-0.814202456266
-0.816086234008
-0.817850822018
-0.819496138541
-0.82102211897
-0.822428715822
-0.823715898728
-0.824883654407
-0.825931986646
-0.826860916277
-0.827670481144
-0.82836073608
-0.82893175287
-0.82938362022
-0.829716443717
-0.829930345792
-0.830025465679
-0.830001959367
-0.829859999561
-0.829599775625
-0.829221493539
-0.82872537584
-0.82811166157
-0.827380606218
-0.826532481656
-0.825567576085
-0.824486193963
-0.823288655939
-0.821975298791
-0.820546475345
-0.819002554411
-0.8173439207
-0.815570974751
-0.813684132851
-0.811683826949
-0.809570504577
-0.807344628762
-0.805006677937
-0.802557145852
-0.799996541478
-0.79732538892
-0.794544227314
-0.791653610729
-0.788654108071
-0.785546302977
-0.782330793711
-0.779008193058
-0.775579128218
-0.772044240691
-0.768404186172
-0.764659634428
-0.760811269192
-0.756859788038
-0.752805902265
-0.748650336777
-0.744393829956
-0.740037133542
-0.735581012502
-0.731026244907
-0.726373621797
-0.721623947055
-0.716778037268
-0.711836721598
-0.706800841641
-0.701671251292
-0.696448816604
-0.691134415648
-0.685728938372
-0.680233286452
-0.674648373151
-0.668975123171
-0.663214472505
-0.657367368286
-0.651434768636
-0.645417642515
-0.639316969567
-0.633133739962
-0.626868954243
-0.620523623169
-0.614098767551
-0.607595418098
-0.601014615253
-0.594357409027
-0.587624858843
-0.580818033366
-0.573938010338
-0.566985876413
-0.559962726987
-0.552869666029
-0.545707805915
-0.538478267252
-0.531182178711
-0.523820676849
-0.516394905941
-0.508906017803
-0.501355171616
-0.493743533752
-0.486072277595
-0.478342583366
-0.470555637944
-0.462712634684
-0.454814773242
-0.446863259392
-0.438859304847
-0.430804127075
-0.422698949119
-0.414544999412
-0.4063435116
-0.398095724349
-0.38980288117
-0.381466230229
-0.373087024166
-0.364666519904
-0.35620597847
-0.347706664806
-0.339169847583
-0.330596799014
-0.321988794669
-0.313347113287
-0.304673036588
-0.295967849088
-0.28723283791
-0.278469292597
-0.269678504926
-0.260861768715
-0.252020379644
-0.24315563506
-0.234268833792
-0.225361275964
-0.216434262808
-0.207489096475
-0.198527079847
-0.189549516353
-0.180557709783
-0.171552964094
-0.162536583233
-0.153509870944
-0.144474130585
-0.135430664944
-0.126380776049
-0.11732576499
-0.108266931727
-0.099205574912
-0.090142991702
-0.08108047758
-0.072019326166
-0.062960829043
-0.053906275566
-0.044856952692
-0.035814144789
-0.026779133466
-0.017753197386
-0.008737612092
0.000266350171
0.009257420633
0.018234334177
0.027195829512
0.03614064935
0.045067540575
0.053975254425
0.062862546652
0.071728177704
0.080570912889
0.089389522547
0.098182782216
0.106949472803
0.115688380746
0.124398298183
0.133078023114
0.141726359566
0.150342117753
0.15892411424
0.167471172099
0.175982121071
0.184455797722
0.1928910456
0.20128671539
0.209641665067
0.21795476005
0.226224873352
0.234450885732
0.24263168584
0.250766170369
0.258853244199
0.266891820539
0.274880821076
0.28281917611
0.290705824702
0.298539714806
0.30631980341
0.314045056672
0.321714450053
0.329326968452
0.336881606335
0.344377367868
0.351813267042
0.359188327802
0.366501584172
0.373752080375
0.380938870961
0.388061020922
0.395117605815
0.402107711874
0.409030436128
0.415884886515
0.422670181993
0.429385452649
0.436029839809
0.442602496144
0.449102585774
0.455529284371
0.461881779262
0.468159269527
0.474360966096
0.480486091845
0.486533881691
0.492503582684
0.498394454095
0.504205767507
0.509936806899
0.515586868733
0.521155262034
0.526641308473
0.532044342444
0.537363711143
0.542598774641
0.547748905955
0.552813491126
0.557791929281
0.562683632702
0.567488026894
0.572204550645
0.576832656088
0.58137180876
0.58582148766
0.590181185303
0.594450407775
0.598628674782
0.602715519699
0.60671048962
0.610613145401
0.614423061701
0.618139827029
0.621763043775
0.625292328254
0.628727310737
0.632067635486
0.635312960782
0.638462958958
0.641517316419
0.644475733675
0.647337925358
0.650103620244
0.652772561272
0.655344505558
0.657819224416
0.660196503361
0.662476142127
0.664657954672
0.666741769184
0.668727428088
0.670614788045
0.672403719952
0.674094108942
0.675685854383
0.677178869862
0.67857308319
0.679868436382
0.681064885648
0.682162401383
0.683160968144
0.684060584637
0.684861263696
0.68556303226
0.686165931349
0.686670016039
0.687075355435
0.687382032636
0.687590144712
0.68769980266
0.687711131378
0.687624269619
0.687439369957
0.687156598744
0.686776136065
0.686298175694
0.685722925047
0.685050605133
0.684281450501
0.683415709192
0.682453642678
0.68139552581
0.680241646758
0.678992306952
0.677647821018
0.676208516715
0.674674734872
0.673046829318
0.671325166811
0.669510126974
0.667602102214
0.665601497655
0.663508731058
0.661324232742
0.65904844551
0.656681824563
0.654224837421
0.651677963834
0.649041695701
0.64631653698
0.643503003599
0.640601623365
0.637612935872
0.634537492408
0.631375855859
0.628128600611
0.624796312453
0.621379588476
0.617879036974
0.614295277338
0.610628939954
0.606880666094
0.603051107816
0.599140927846
0.595150799477
0.591081406451
0.586933442852
0.582707612987
0.578404631274
0.574025222127
0.569570119833
0.565040068438
0.560435821627
0.555758142597
0.551007803942
0.546185587522
0.541292284345
0.536328694437
0.531295626714
0.526193898857
0.521024337181
0.515787776505
0.510485060021
0.50511703916
0.499684573463
0.49418853044
0.488629785442
0.483009221519
0.477327729286
0.471586206785
0.465785559346
0.459926699445
0.454010546567
0.448038027063
0.442010074008
0.435927627059
0.429791632311
0.42360304215
0.417362815115
0.411071915744
0.404731314434
0.398341987292
0.391904915987
0.385421087601
0.378891494483
0.372317134099
0.365699008881
0.359038126078
0.352335497604
0.345592139888
0.338809073725
0.331987324118
0.325127920129
0.318231894729
0.311300284641
0.304334130186
0.297334475134
0.290302366545
0.28323885462
0.276144992542
0.269021836322
0.261870444648
0.254691878724
0.247487202123
0.240257480622
0.233003782056
0.225727176156
0.218428734397
0.211109529842
0.203770636984
0.196413131594
0.189038090566
0.181646591758
0.174239713838
0.166818536132
0.159384138465
0.151937601007
0.144480004121
0.137012428205
0.129535953539
0.122051660133
0.11456062757
0.107063934854
0.099562660256
0.092057881163
0.084550673924
0.077042113697
0.0695332743
0.062025228057
0.054519045648
0.047015795958
0.039516545927
0.032022360404
0.024534301991
0.0170534309
0.009580804804
0.002117478688
-0.005335495296
-0.012777067975
-0.020206193303
-0.027621828504
-0.035022934216
-0.042408474634
-0.049777417656
-0.05712873502
-0.06446140245
-0.071774399795
-0.079066711165
-0.086337325078
-0.09358523459
-0.100809437437
-0.10800893617
-0.11518273829
-0.122329856383
-0.129449308255
-0.136540117064
-0.143601311448
-0.150631925664
-0.15763099971
-0.164597579458
-0.171530716781
-0.178429469679
-0.185292902406
-0.192120085593
-0.198910096374
-0.205662018505
-0.21237494249
-0.219047965697
-0.225680192477
-0.232270734287
-0.238818709801
-0.245323245027
-0.251783473425
-0.258198536013
-0.264567581487
-0.270889766325
-0.277164254899
-0.283390219584
-0.289566840861
-0.295693307429
-0.3017688163
-0.307792572912
-0.313763791221
-0.319681693807
-0.325545511972
-0.331354485834
-0.337107864427
-0.342804905791
-0.348444877071
-0.354027054603
-0.359550724006
-0.365015180274
-0.370419727857
-0.375763680753
-0.381046362587
-0.386267106699
-0.391425256221
-0.396520164158
-0.401551193467
-0.406517717136
-0.411419118252
-0.416254790083
-0.421024136145
-0.425726570273
-0.430361516693
-0.434928410085
-0.439426695652
-0.443855829184
-0.448215277117
-0.452504516599
-0.456723035548
-0.460870332704
-0.464945917696
-0.468949311086
-0.472880044427
-0.476737660315
-0.480521712435
-0.484231765611
-0.487867395853
-0.4914281904
-0.494913747763
-0.498323677768
-0.501657601592
-0.504915151805
-0.508095972403
-0.511199718845
-0.514226058083
-0.517174668596
-0.520045240419
-0.522837475167
-0.525551086066
-0.528185797976
-0.530741347411
-0.533217482563
-0.535613963322
-0.537930561288
-0.540167059794
-0.542323253917
-0.544398950487
-0.546393968104
-0.548308137145
-0.550141299769
-0.551893309924
-0.553564033352
-0.555153347593
-0.55666114198
-0.558087317642
-0.559431787504
-0.560694476274
-0.561875320447
-0.562974268289
-0.563991279832
-0.564926326863
-0.565779392908
-0.566550473222
-0.56723957477
-0.567846716208
-0.568371927869
-0.568815251735
-0.569176741421
-0.569456462145
-0.569654490708
-0.569770915461
-0.569805836278
-0.569759364527
-0.569631623036
-0.569422746058
-0.569132879238
-0.568762179576
-0.568310815384
-0.567778966251
-0.567166822999
-0.566474587641
-0.565702473334
-0.564850704333
-0.563919515945
-0.562909154479
-0.561819877195
-0.56065195225
-0.559405658647
-0.558081286176
-0.556679135362
-0.555199517403
-0.553642754113
-0.552009177856
-0.55029913149
-0.5485129683
-0.546651051932
-0.544713756326
-0.542701465651
-0.540614574232
-0.538453486481
-0.536218616826
-0.533910389633
-0.531529239138
-0.529075609365
-0.526549954051
-0.523952736568
-0.521284429841
-0.518545516272
-0.515736487649
-0.51285784507
-0.509910098854
-0.506893768459
-0.503809382388
-0.50065747811
-0.497438601959
-0.494153309056
-0.490802163207
-0.487385736815
-0.483904610784
-0.480359374427
-0.476750625367
-0.473078969439
-0.469345020595
-0.465549400803
-0.461692739948
-0.457775675727
-0.453798853551
-0.449762926441
-0.445668554923
-0.441516406922
-0.43730715766
-0.433041489544
-0.428720092062
-0.424343661673
-0.419912901698
-0.415428522212
-0.410891239926
-0.406301778085
-0.401660866347
-0.396969240674
-0.392227643219
-0.387436822206
-0.38259753182
-0.377710532089
-0.372776588764
-0.367796473207
-0.362770962269
-0.357700838172
-0.352586888392
-0.347429905534
-0.342230687219
-0.336990035954
-0.331708759018
-0.326387668337
-0.321027580361
-0.31562931594
-0.310193700205
-0.30472156244
-0.299213735957
-0.293671057975
-0.288094369494
-0.282484515167
-0.276842343175
-0.271168705103
-0.265464455814
-0.259730453316
-0.253967558643
-0.248176635724
-0.242358551255
-0.236514174573
-0.230644377526
-0.224750034347
-0.218832021525
-0.212891217678
-0.206928503422
-0.200944761242
-0.194940875369
-0.188917731643
-0.182876217393
-0.176817221299
-0.170741633273
-0.16465034432
-0.158544246419
-0.152424232387
-0.146291195753
-0.140146030632
-0.13398963159
-0.127822893524
-0.121646711526
-0.115461980759
-0.109269596331
-0.103070453161
-0.096865445859
-0.090655468592
-0.084441414961
-0.078224177874
-0.072004649418
-0.065783720734
-0.05956228189
-0.053341221758
-0.047121427884
-0.040903786369
-0.03468918174
-0.028478496829
-0.022272612647
-0.016072408264
-0.009878760681
-0.003692544713
0.002485367133
0.008654104786
0.014812800721
0.02096059009
0.027096610832
0.033220003801
0.039329912877
0.045425485089
0.051505870728
0.05757022347
0.063617700483
0.069647462552
0.075658674185
0.081650503733
0.087622123502
0.093572709861
0.099501443362
0.105407508844
0.111290095545
0.117148397213
0.122981612215
0.128788943641
0.134569599417
0.140322792404
0.14604774051
0.151743666791
0.157409799554
0.163045372463
0.168649624636
0.17422180075
0.17976115114
0.185266931894
0.190738404959
0.196174838229
0.201575505647
0.206939687299
0.212266669505
0.217555744918
0.222806212607
0.228017378158
0.233188553755
0.238319058276
0.243408217376
0.248455363574
0.25345983634
0.258420982179
0.263338154715
0.268210714771
0.273038030451
0.27781947722
0.282554437983
0.287242303163
0.291882470774
0.296474346501
0.301017343769
0.305510883819
0.30995439578
0.314347316735
0.318689091794
0.322979174162
0.327217025202
0.331402114502
0.33553391994
0.339611927747
0.343635632565
0.347604537512
0.351518154235
0.355376002975
0.359177612616
0.362922520744
0.366610273699
0.370240426628
0.373812543537
0.377326197337
0.380780969897
0.384176452088
0.387512243827
0.390787954126
0.39400320113
0.397157612162
0.400250823762
0.403282481722
0.406252241132
0.409159766407
0.412004731325
0.414786819064
0.417505722227
0.420161142878
0.422752792566
0.425280392358
0.427743672862
0.430142374251
0.432476246291
0.434745048357
0.436948549459
0.439086528255
0.441158773078
0.443165081942
0.445105262565
0.446979132379
0.448786518543
0.450527257952
0.452201197251
0.453808192837
0.455348110871
0.456820827278
0.458226227757
0.459564207777
0.460834672582
0.462037537189
0.463172726387
0.464240174734
0.465239826549
0.466171635913
0.467035566654
0.467831592343
0.468559696282
0.469219871494
0.469812120709
0.470336456348
0.470792900512
0.471181484961
0.471502251096
0.471755249942
0.471940542124
0.472058197848
0.472108296872
0.472090928487
0.472006191486
0.47185419414
0.471635054165
0.471348898696
0.470995864253
0.470576096706
0.470089751246
0.469536992347
0.468917993726
0.468232938312
0.467482018199
0.466665434612
0.465783397861
0.464836127302
0.463823851286
0.462746807122
0.461605241025
0.460399408067
0.459129572134
0.45779600587
0.456398990627
0.454938816415
0.453415781844
0.451830194074
0.450182368754
0.448472629967
0.446701310175
0.444868750152
0.442975298931
0.441021313739
0.439007159932
0.436933210938
0.434799848184
0.432607461035
0.43035644673
0.428047210304
0.42568016453
0.423255729843
0.420774334269
0.418236413357
0.415642410102
0.412992774871
0.410287965333
0.407528446379
0.404714690045
0.401847175437
0.398926388652
0.395952822695
0.392926977406
0.389849359371
0.386720481846
0.38354086467
0.380311034184
0.377031523147
0.373702870647
0.37032562202
0.36690032876
0.363427548432
0.359907844584
0.356341786659
0.352729949904
0.349072915278
0.345371269367
0.341625604285
0.337836517584
0.334004612164
0.330130496176
0.326214782929
0.322258090793
0.318261043107
0.31422426808
0.310148398696
0.306034072617
0.301881932084
0.297692623818
0.293466798924
0.289205112791
0.28490822499
0.280576799178
0.276211502993
0.271813007955
0.267381989367
0.262919126208
0.258425101036
0.253900599882
0.249346312148
0.244762930504
0.240151150786
0.235511671889
0.230845195664
0.226152426817
0.221434072798
0.216690843702
0.211923452159
0.207132613233
0.202319044313
0.197483465011
0.19262659705
0.187749164166
0.182851891994
0.177935507967
0.173000741208
0.168048322423
0.163078983795
0.158093458876
0.153092482483
0.148076790589
0.143047120218
0.138004209335
0.132948796745
0.12788162198
0.122803425196
0.117714947069
0.11261692868
0.107510111418
0.102395236869
0.097273046709
0.092144282601
0.087009686087
0.081869998483
0.076725960774
0.071578313509
0.066427796693
0.061275149685
0.056121111093
0.050966418669
0.045811809207
0.040658018433
0.03550578091
0.030355829929
0.025208897408
0.020065713788
0.014927007933
0.009793507029
0.004665936478
-0.000454980198
-0.005568521462
-0.010673967857
-0.015770602112
-0.020857709235
-0.025934576615
-0.031000494123
-0.036054754204
-0.041096651978
-0.046125485336
-0.051140555037
-0.056141164802
-0.061126621411
-0.066096234798
-0.07104931814
-0.075985187958
-0.080903164204
-0.085802570357
-0.090682733511
-0.095542984468
-0.100382657828
-0.10520109208
-0.109997629687
-0.114771617177
-0.119522405231
-0.124249348769
-0.128951807035
-0.133629143683
-0.138280726862
-0.142905929299
-0.147504128383
-0.152074706247
-0.156617049849
-0.161130551052
-0.165614606704
-0.17006861872
-0.174491994156
-0.178884145288
-0.183244489688
-0.187572450301
-0.191867455519
-0.196128939254
-0.200356341011
-0.204549105961
-0.208706685012
-0.212828534879
-0.216914118151
-0.220962903364
-0.224974365066
-0.22894798388
-0.232883246575
-0.236779646129
-0.240636681791
-0.244453859143
-0.248230690165
-0.25196669329
-0.255661393471
-0.259314322232
-0.262925017731
-0.266493024814
-0.270017895068
-0.273499186883
-0.276936465497
-0.280329303052
-0.283677278647
-0.286979978384
-0.290236995419
-0.293447930013
-0.296612389574
-0.299729988705
-0.302800349249
-0.305823100333
-0.30879787841
-0.311724327298
-0.314602098227
-0.31743084987
-0.320210248387
-0.32293996746
-0.325619688328
-0.328249099822
-0.330827898402
-0.333355788183
-0.335832480973
-0.338257696297
-0.340631161431
-0.342952611429
-0.345221789146
-0.347438445267
-0.349602338333
-0.351713234758
-0.353770908859
-0.355775142869
-0.357725726965
-0.359622459277
-0.361465145917
-0.363253600983
-0.364987646586
-0.366667112853
-0.368291837949
-0.369861668081
-0.371376457516
-0.372836068584
-0.374240371688
-0.375589245312
-0.376882576029
-0.378120258499
-0.379302195479
-0.380428297821
-0.381498484477
-0.382512682495
-0.383470827021
-0.384372861295
-0.385218736648
-0.386008412499
-0.386741856345
-0.387419043758
-0.388039958377
-0.388604591896
-0.389112944056
-0.389565022633
-0.389960843423
-0.390300430235
-0.390583814868
-0.390811037099
-0.390982144668
-0.391097193255
-0.391156246465
-0.391159375805
-0.391106660663
-0.390998188287
-0.390834053758
-0.39061435997
-0.390339217599
-0.390008745081
-0.389623068579
-0.389182321958
-0.388686646754
-0.388136192141
-0.3875311149
-0.386871579387
-0.386157757498
-0.385389828631
-0.384567979654
-0.383692404864
-0.382763305952
-0.381780891961
-0.380745379245
-0.379656991433
-0.37851595938
-0.377322521128
-0.376076921859
-0.374779413852
-0.373430256437
-0.372029715946
-0.370578065666
-0.369075585791
-0.367522563371
-0.365919292259
-0.364266073064
-0.362563213098
-0.360811026316
-0.359009833271
-0.357159961052
-0.35526174323
-0.353315519802
-0.351321637134
-0.349280447898
-0.34719231102
-0.345057591611
-0.342876660914
-0.340649896239
-0.338377680897
-0.336060404144
-0.333698461111
-0.331292252741
-0.328842185726
-0.326348672436
-0.323812130855
-0.321232984514
-0.31861166242
-0.31594859899
-0.313244233978
-0.310499012407
-0.307713384497
-0.304887805593
-0.302022736095
-0.299118641381
-0.296175991737
-0.293195262281
-0.290176932889
-0.28712148812
-0.284029417138
-0.280901213641
-0.277737375775
-0.274538406067
-0.271304811338
-0.26803710263
-0.264735795126
-0.261401408068
-0.258034464682
-0.254635492092
-0.251205021243
-0.247743586818
-0.244251727157
-0.240729984176
-0.237178903281
-0.23359903329
-0.229990926347
-0.226355137836
-0.222692226303
-0.219002753368
-0.21528728364
-0.211546384633
-0.207780626683
-0.203990582858
-0.200176828877
-0.196339943019
-0.192480506044
-0.188599101098
-0.184696313634
-0.180772731318
-0.176828943949
-0.172865543367
-0.168883123367
-0.164882279611
-0.160863609541
-0.156827712292
-0.152775188602
-0.148706640724
-0.144622672341
-0.140523888474
-0.136410895396
-0.132284300541
-0.128144712421
-0.123992740531
-0.119828995265
-0.115654087828
-0.111468630142
-0.107273234766
-0.103068514799
-0.0988550838
-0.094633555692
-0.09040454468
-0.086168665159
-0.081926531628
-0.077678758601
-0.07342596052
-0.069168751669
-0.064907746082
-0.060643557459
-0.05637679908
-0.052108083715
-0.047838023539
-0.043567230044
-0.039296313955
-0.035025885143
-0.030756552537
-0.026488924042
-0.022223606451
-0.017961205361
-0.013702325089
-0.009447568584
-0.005197537349
-0.000952831352
0.003285951056
0.007518213223
0.01174336028
0.015960799223
0.020169938995
0.024370190566
0.028560967018
0.032741683622
0.036911757921
0.041070609808
0.045217661606
0.049352338146
0.053474066851
0.057582277805
0.061676403837
0.065755880598
0.069820146634
0.073868643465
0.077900815657
0.081916110903
0.085913980091
0.089893877383
0.093855260282
0.097797589712
0.101720330086
0.105622949376
0.109504919189
0.11336571483
0.11720481538
0.121021703758
0.124815866793
0.128586795292
0.132333984102
0.136056932185
0.139755142674
0.143428122947
0.147075384685
0.150696443936
0.154290821182
0.157858041398
0.161397634112
0.164909133471
0.168392078294
0.171846012137
0.175270483348
0.178665045127
0.182029255579
0.185362677776
0.188664879806
0.191935434832
0.195173921143
0.19837992221
0.201553026734
0.204692828701
0.207798927428
0.210870927619
0.213908439406
0.216911078406
0.219878465758
0.222810228176
0.225705997995
0.228565413209
0.231388117522
0.234173760384
0.23692199704
0.239632488563
0.242304901901
0.244938909913
0.247534191406
0.250090431176
0.25260732004
0.255084554877
0.257521838657
0.259918880478
0.262275395599
0.264591105468
0.26686573776
0.269099026399
0.271290711594
0.273440539861
0.275548264055
0.277613643395
0.279636443486
0.281616436349
0.283553400439
0.285447120672
0.287297388443
0.289104001648
0.290866764703
0.292585488565
0.294259990745
0.29589009533
0.297475632993
0.299016441014
0.300512363289
0.301963250345
0.303368959352
0.304729354131
0.306044305169
0.307313689624
0.308537391334
0.309715300824
0.310847315314
0.31193333872
0.312973281664
0.31396706147
0.314914602173
0.315815834516
0.316670695951
0.317479130641
0.318241089454
0.318956529965
0.319625416448
0.320247719877
0.320823417914
0.321352494908
0.321834941885
0.322270756542
0.322659943233
0.323002512966
0.323298483386
0.323547878765
0.323750729989
0.323907074547
0.324016956509
0.324080426519
0.324097541772
0.324068366
0.32399296945
0.32387142887
0.323703827485
0.323490254974
0.323230807454
0.322925587451
0.322574703881
0.322178272023
0.321736413491
0.321249256214
0.320716934403
0.320139588524
0.319517365272
0.318850417539
0.318138904381
0.317382990991
0.316582848664
0.315738654764
0.314850592691
0.313918851845
0.312943627591
0.311925121224
0.310863539928
0.309759096743
0.308612010521
0.30742250589
0.306190813214
0.30491716855
0.303601813606
0.302244995701
0.300846967718
0.299407988063
0.297928320619
0.296408234702
0.294848005011
0.293247911585
0.291608239754
0.28992928009
0.28821132836
0.286454685474
0.284659657437
0.282826555294
0.280955695085
0.279047397786
0.27710198926
0.275119800205
0.273101166093
0.271046427124
0.268955928164
0.266830018692
0.264669052744
0.262473388855
0.26024339
0.257979423538
0.255681861155
0.253351078799
0.250987456624
0.248591378933
0.246163234108
0.243703414559
0.241212316656
0.238690340666
0.236137890697
0.233555374627
0.230943204045
0.228301794186
0.225631563865
0.222932935416
0.22020633462
0.217452190648
0.214670935987
0.211863006377
0.209028840747
0.20616888114
0.203283572654
0.200373363369
0.197438704279
0.194480049227
0.191497854831
0.188492580418
0.185464687956
0.182414641981
0.179342909528
0.176249960061
0.173136265405
0.170002299669
0.166848539182
0.163675462418
0.160483549926
0.157273284256
0.154045149891
0.150799633173
0.14753722223
0.144258406906
0.140963678687
0.137653530629
0.134328457286
0.130988954636
0.127635520009
0.124268652014
0.120888850466
0.117496616312
0.114092451559
0.110676859202
0.107250343148
0.103813408143
0.100366559702
0.096910304032
0.09344514796
0.089971598862
0.086490164587
0.083001353383
0.079505673827
0.076003634751
0.072495745168
0.068982514198
0.065464450999
0.06194206469
0.058415864283
0.054886358605
0.05135405623
0.047819465404
0.044283093975
0.040745449322
0.037207038278
0.033668367063
0.030129941213
0.026592265507
0.023055843893
0.019521179425
0.015988774186
0.01245912922
0.00893274446
0.005410118663
0.001891749335
-0.001621867335
-0.005130236545
-0.008632864947
-0.012129260721
-0.015618933633
-0.019101395113
-0.022576158317
-0.026042738193
-0.029500651553
-0.032949417132
-0.036388555662
-0.039817589931
-0.04323604485
-0.046643447521
-0.050039327298
-0.05342321585
-0.056794647228
-0.060153157928
-0.063498286948
-0.066829575859
-0.070146568859
-0.073448812839
-0.076735857441
-0.080007255121
-0.083262561209
-0.086501333962
-0.089723134634
-0.092927527523
-0.096114080037
-0.099282362748
-0.102431949449
-0.105562417209
-0.108673346431
-0.111764320908
-0.114834927874
-0.117884758059
-0.120913405745
-0.123920468816
-0.126905548812
-0.12986825098
-0.132808184325
-0.135724961661
-0.138618199658
-0.141487518897
-0.144332543913
-0.147152903246
-0.149948229487
-0.152718159325
-0.155462333594
-0.158180397316
-0.160871999749
-0.163536794427
-0.166174439208
-0.168784596312
-0.171366932367
-0.173921118448
-0.176446830116
-0.178943747464
-0.181411555148
-0.183849942434
-0.186258603227
-0.188637236117
-0.190985544408
-0.193303236157
-0.195590024209
-0.197845626231
-0.200069764743
-0.202262167155
-0.204422565797
-0.206550697946
-0.208646305865
-0.210709136824
-0.212738943136
-0.21473548218
-0.216698516432
-0.218627813488
-0.220523146093
-0.222384292166
-0.224211034823
-0.226003162398
-0.227760468474
-0.229482751894
-0.231169816791
-0.232821472606
-0.234437534105
-0.236017821399
-0.237562159965
-0.239070380661
-0.240542319739
-0.241977818869
-0.243376725145
-0.244738891106
-0.246064174745
-0.247352439522
-0.248603554378
-0.249817393745
-0.250993837553
-0.252132771244
-0.253234085777
-0.254297677639
-0.255323448848
-0.25631130696
-0.257261165079
-0.258172941854
-0.259046561489
-0.259881953741
-0.260679053927
-0.26143780292
-0.262158147154
-0.262840038623
-0.263483434876
-0.264088299019
-0.264654599714
-0.265182311168
-0.265671413138
-0.26612189092
-0.266533735344
-0.266906942769
-0.267241515074
-0.267537459652
-0.2677947894
-0.268013522707
-0.268193683447
-0.268335300967
-0.268438410072
-0.268503051017
-0.26852926949
-0.268517116599
-0.268466648857
-0.268377928165
-0.268251021796
-0.268086002382
-0.267882947887
-0.267641941597
-0.267363072095
-0.267046433243
-0.266692124163
-0.26630024921
-0.265870917954
-0.265404245156
-0.264900350743
-0.264359359786
-0.263781402472
-0.263166614078
-0.262515134949
-0.261827110464
-0.261102691014
-0.260342031969
-0.259545293653
-0.258712641309
-0.257844245072
-0.256940279938
-0.256000925728
-0.255026367062
-0.254016793319
-0.252972398608
-0.25189338173
-0.250779946146
-0.24963229994
-0.248450655783
-0.247235230894
-0.245986247006
-0.244703930326
-0.243388511496
-0.242040225555
-0.240659311896
-0.239246014232
-0.237800580547
-0.236323263062
-0.234814318188
-0.233274006483
-0.231702592615
-0.230100345311
-0.228467537317
-0.226804445351
-0.225111350063
-0.223388535981
-0.221636291471
-0.21985490869
-0.218044683536
-0.216205915603
-0.21433890813
-0.212443967957
-0.210521405472
-0.208571534563
-0.206594672569
-0.20459114023
-0.202561261632
-0.200505364164
-0.198423778459
-0.196316838345
-0.194184880794
-0.192028245868
-0.189847276668
-0.187642319275
-0.185413722704
-0.183161838846
-0.180887022411
-0.178589630881
-0.176270024447
-0.173928565957
-0.171565620863
-0.169181557161
-0.166776745336
-0.164351558308
-0.16190637137
-0.159441562137
-0.156957510486
-0.154454598498
-0.1519332104
-0.14939373251
-0.146836553176
-0.144262062718
-0.141670653371
-0.139062719224
-0.136438656164
-0.133798861816
-0.131143735479
-0.128473678076
-0.125789092084
-0.123090381485
-0.120377951695
-0.117652209514
-0.114913563059
-0.112162421709
-0.10939919604
-0.106624297767
-0.103838139687
-0.10104113561
-0.098233700307
-0.095416249446
-0.09258919953
-0.089752967838
-0.086907972364
-0.084054631757
-0.081193365259
-0.078324592646
-0.075448734165
-0.072566210476
-0.069677442588
-0.066782851802
-0.063882859648
-0.060977887826
-0.058068358145
-0.055154692461
-0.052237312619
-0.049316640394
-0.046393097425
-0.043467105163
-0.040539084803
-0.037609457231
-0.034678642962
-0.031747062077
-0.02881513417
-0.025883278283
-0.022951912852
-0.020021455644
-0.0170923237
-0.014164933277
-0.011239699788
-0.008317037747
-0.005397360708
-0.002481081209
0.000431389287
0.003339640448
0.006243263129
0.009141849429
0.012034992752
0.014922287856
0.017803330913
0.020677719565
0.023545052978
0.026404931897
0.029256958702
0.03210073746
0.034935873982
0.037761975876
0.040578652597
0.043385515506
0.04618217792
0.04896825516
0.051743364613
0.054507125774
0.057259160302
0.059999092071
0.06272654722
0.0654411542
0.06814254383
0.07083034934
0.073504206426
0.076163753293
0.078808630705
0.081438482034
0.084052953306
0.086651693249
0.089234353335
0.091800587833
0.094350053847
0.096882411367
0.099397323309
0.101894455561
0.104373477026
0.106834059666
0.109275878542
0.111698611859
0.114101941005
0.116485550594
0.118849128503
0.121192365917
0.123514957364
0.125816600756
0.128096997425
0.130355852164
0.132592873264
0.134807772547
0.137000265404
0.139170070833
0.141316911472
0.143440513631
0.145540607329
0.147616926328
0.149669208162
0.151697194172
0.153700629537
0.155679263304
0.157632848418
0.159561141754
0.161463904144
0.163340900406
0.165191899372
0.167016673915
0.168815000976
0.170586661592
0.172331440915
0.174049128245
0.175739517049
0.177402404986
0.179037593929
0.180644889988
0.182224103534
0.183775049215
0.185297545979
0.186791417096
0.188256490172
0.189692597172
0.191099574436
0.192477262695
0.193825507088
0.195144157181
0.196433066977
0.197692094933
0.198921103977
0.200119961513
0.201288539443
0.202426714172
0.203534366623
0.204611382245
0.205657651025
0.206673067496
0.207657530745
0.208610944424
0.209533216752
0.210424260529
0.211283993132
0.21211233653
0.212909217283
0.213674566546
0.214408320077
0.215110418233
0.215780805975
0.216419432872
0.217026253097
0.217601225429
0.218144313254
0.21865548456
0.219134711937
0.219581972577
0.219997248264
0.220380525376
0.22073179488
0.221051052322
0.221338297827
0.221593536088
0.22181677636
0.222008032455
0.22216732273
0.222294670077
0.222390101919
0.222453650194
0.222485351345
0.222485246312
0.222453380515
0.222389803843
0.222294570642
0.222167739699
0.222009374227
0.221819541852
0.221598314595
0.221345768854
0.221061985392
0.220747049315
0.220401050053
0.220024081344
0.219616241214
0.219177631955
0.218708360105
0.21820853643
0.217678275896
0.21711769765
0.216526925
0.215906085386
0.215255310358
0.214574735553
0.213864500667
0.213124749432
0.212355629588
0.211557292857
0.210729894913
0.209873595361
0.208988557699
0.208074949297
0.207132941364
0.206162708919
0.205164430759
0.204138289432
0.203084471201
0.202003166015
0.200894567475
0.199758872802
0.198596282804
0.197407001842
0.196191237796
0.194949202027
0.193681109348
0.192387177983
0.191067629535
0.189722688946
0.188352584462
0.186957547595
0.185537813088
0.184093618872
0.182625206031
0.181132818763
0.179616704338
0.178077113062
0.176514298234
0.174928516108
0.173320025849
0.171689089495
0.170035971914
0.168360940763
0.166664266443
0.164946222061
0.163207083383
0.161447128795
0.159666639255
0.157865898251
0.156045191761
0.1542048082
0.152345038384
0.150466175479
0.148568514959
0.146652354561
0.144717994235
0.142765736104
0.140795884412
0.138808745482
0.136804627667
0.134783841304
0.132746698666
0.130693513915
0.128624603055
0.126540283884
0.124440875946
0.122326700482
0.120198080383
0.118055340141
0.115898805802
0.113728804913
0.111545666478
0.109349720906
0.107141299962
0.104920736719
0.102688365508
0.100444521869
0.098189542498
0.095923765204
0.093647528852
0.091361173318
0.089065039437
0.086759468952
0.084444804467
0.082121389395
0.079789567908
0.077449684885
0.075102085865
0.072747116996
0.070385124982
0.068016457036
0.065641460827
0.063260484433
0.060873876288
0.058481985131
0.056085159959
0.053683749976
0.051278104539
0.048868573114
0.046455505221
0.044039250386
0.041620158093
0.039198577728
0.036774858539
0.034349349575
0.031922399646
0.029494357269
0.027065570619
0.024636387479
0.022207155196
0.019778220623
0.017349930079
0.014922629296
0.01249666337
0.010072376715
0.007650113013
0.005230215166
0.00281302525
0.000398884467
-0.002011866908
-0.004418889563
-0.006821845209
-0.009220396616
-0.011614207666
-0.014002943398
-0.016386270052
-0.018763855119
-0.021135367382
-0.023500476965
-0.025858855377
-0.028210175556
-0.030554111915
-0.032890340387
-0.035218538466
-0.037538385254
-0.039849561503
-0.042151749658
-0.044444633901
-0.046727900194
-0.049001236318
-0.051264331919
-0.053516878548
-0.055758569701
-0.057989100862
-0.060208169544
-0.062415475325
-0.064610719895
-0.066793607089
-0.06896384293
-0.071121135665
-0.073265195808
-0.075395736173
-0.077512471916
-0.079615120568
-0.081703402075
-0.083777038835
-0.085835755732
-0.087879280173
-0.089907342122
-0.091919674136
-0.093916011401
-0.095896091763
-0.097859655763
-0.099806446669
-0.101736210514
-0.10364869612
-0.105543655135
-0.107420842066
-0.109280014305
-0.111120932162
-0.112943358897
-0.114747060746
-0.116531806953
-0.118297369796
-0.120043524618
-0.121770049852
-0.123476727051
-0.125163340912
-0.126829679304
-0.128475533294
-0.130100697169
-0.131704968467
-0.133288147995
-0.134850039855
-0.13639045147
-0.137909193601
-0.139406080376
-0.140880929307
-0.142333561311
-0.143763800734
-0.145171475369
-0.146556416476
-0.147918458801
-0.149257440595
-0.150573203632
-0.151865593227
-0.153134458251
-0.154379651151
-0.155601027962
-0.156798448326
-0.157971775504
-0.159120876392
-0.160245621535
-0.16134588514
-0.162421545087
-0.163472482943
-0.164498583975
-0.165499737157
-0.166475835184
-0.167426774482
-0.168352455214
-0.169252781293
-0.17012766039
-0.170977003936
-0.171800727139
-0.172598748982
-0.173370992234
-0.174117383453
-0.174837852995
-0.175532335014
-0.176200767467
-0.17684309212
-0.177459254549
-0.178049204141
-0.178612894099
-0.17915028144
-0.179661327
-0.180145995427
-0.180604255189
-0.181036078566
-0.181441441653
-0.181820324357
-0.182172710392
-0.18249858728
-0.182797946343
-0.183070782703
-0.183317095274
-0.183536886757
-0.183730163638
-0.183896936176
-0.1840372184
-0.184151028101
-0.184238386825
-0.184299319859
-0.184333856231
-0.184342028693
-0.184323873715
-0.184279431472
-0.184208745836
-0.184111864363
-0.183988838278
-0.183839722467
-0.183664575463
-0.18346345943
-0.183236440151
-0.182983587012
-0.18270497299
-0.182400674633
-0.182070772048
-0.181715348882
-0.181334492305
-0.180928292995
-0.180496845118
-0.180040246308
-0.179558597653
-0.179052003671
-0.178520572291
-0.177964414836
-0.177383645998
-0.176778383818
-0.176148749668
-0.175494868224
-0.174816867444
-0.17411487855
-0.173389035998
-0.172639477459
-0.171866343793
-0.171069779023
-0.170249930313
-0.169406947939
-0.168540985268
-0.167652198724
-0.16674074777
-0.165806794876
-0.16485050549
-0.163872048015
-0.162871593778
-0.161849316999
-0.160805394768
-0.15974000701
-0.158653336459
-0.157545568624
-0.156416891764
-0.155267496851
-0.154097577544
-0.152907330156
-0.151696953619
-0.150466649457
-0.149216621751
-0.147947077105
-0.146658224615
-0.145350275834
-0.14402344474
-0.142677947701
-0.141314003441
-0.139931833004
-0.138531659721
-0.137113709174
-0.135678209162
-0.134225389663
-0.132755482798
-0.131268722799
-0.129765345966
-0.128245590636
-0.126709697144
-0.125157907784
-0.123590466775
-0.122007620221
-0.120409616074
-0.118796704095
-0.117169135819
-0.115527164511
-0.113871045134
-0.112201034303
-0.110517390253
-0.108820372795
-0.107110243278
-0.10538726455
-0.103651700919
-0.101903818111
-0.100143883232
-0.098372164726
-0.096588932338
-0.09479445707
-0.092989011143
-0.091172867954
-0.089346302039
-0.087509589029
-0.085663005608
-0.083806829478
-0.081941339312
-0.080066814713
-0.078183536177
-0.07629178505
-0.074391843482
-0.072483994394
-0.070568521429
-0.068645708914
-0.066715841818
-0.064779205711
-0.062836086721
-0.060886771492
-0.058931547146
-0.056970701235
-0.055004521706
-0.053033296856
-0.051057315289
-0.049076865878
-0.04709223772
-0.045103720096
-0.04311160243
-0.041116174246
-0.039117725128
-0.037116544678
-0.035112922473
-0.033107148027
-0.031099510746
-0.029090299891
-0.027079804533
-0.025068313515
-0.023056115408
-0.021043498473
-0.01903075062
-0.017018159367
-0.015006011796
-0.01299459452
-0.010984193635
-0.008975094686
-0.006967582623
-0.004961941765
-0.002958455754
-0.000957407523
0.001040920748
0.003036247671
0.005028292687
0.007016776107
0.009001419148
0.010981943976
0.012958073738
0.014929532607
0.016896045815
0.018857339693
0.020813141705
0.022763180492
0.024707185903
0.026644889034
0.028576022264
0.030500319295
0.032417515181
0.034327346371
0.036229550739
0.038123867625
0.040010037864
0.041887803826
0.043756909447
0.045617100268
0.047468123462
0.049309727873
0.05114166405
0.052963684275
0.054775542602
0.056576994886
0.058367798815
0.060147713944
0.061916501726
0.063673925541
0.065419750732
0.067153744632
0.068875676592
0.070585318018
0.072282442396
0.073966825321
0.075638244527
0.077296479919
0.078941313595
0.080572529878
0.082189915345
0.083793258848
0.085382351549
0.08695698694
0.088516960873
0.090062071583
0.091592119718
0.093106908356
0.094606243038
0.096089931789
0.097557785139
0.099009616151
0.100445240442
0.101864476205
0.103267144233
0.104653067938
0.106022073378
0.107373989272
0.108708647022
0.110025880738
0.11132552725
0.112607426136
0.113871419732
0.115117353159
0.116345074336
0.117554433997
0.118745285714
0.119917485907
0.121070893865
0.12220537176
0.123320784663
0.124417000561
0.125493890368
0.126551327941
0.127589190096
0.128607356617
0.129605710274
0.130584136829
0.131542525055
0.132480766743
0.133398756715
0.134296392834
0.135173576014
0.13603021023
0.13686620253
0.137681463037
0.138475904967
0.139249444627
0.140002001432
0.140733497903
0.141443859681
0.14213301553
0.142800897342
0.143447440143
0.144072582099
0.144676264519
0.14525843186
0.145819031727
0.146358014883
0.146875335242
0.147370949881
0.147844819034
0.148296906097
0.148727177628
0.149135603347
0.149522156134
0.149886812034
0.150229550248
0.150550353138
0.150849206222
0.151126098171
0.15138102081
0.15161396911
0.151824941185
0.152013938291
0.152180964818
0.152326028288
0.152449139344
0.152550311752
0.152629562387
0.152686911231
0.152722381362
0.152735998952
0.152727793251
0.152697796586
0.152646044347
0.152572574979
0.152477429974
0.152360653856
0.152222294177
0.1520624015
0.15188102939
0.151678234402
0.15145407607
0.15120861689
0.150941922312
0.150654060722
0.150345103432
0.150015124662
0.149664201529
0.149292414027
0.148899845017
0.148486580208
0.148052708138
0.147598320165
0.147123510442
0.146628375904
0.14611301625
0.145577533922
0.145022034089
0.14444662463
0.143851416107
0.143236521756
0.142602057458
0.141948141724
0.141274895672
0.140582443006
0.139870909998
0.139140425459
0.138391120725
0.137623129631
0.136836588487
0.136031636057
0.135208413537
0.134367064526
0.133507735009
0.132630573328
0.131735730158
0.130823358486
0.129893613579
0.128946652965
0.127982636404
0.127001725864
0.12600408549
0.124989881586
0.123959282579
0.122912458997
0.121849583442
0.12077083056
0.119676377014
0.118566401457
0.117441084504
0.116300608698
0.11514515849
0.113974920203
0.112790082005
0.11159083388
0.110377367599
0.109149876688
0.107908556398
0.106653603676
0.105385217136
0.104103597022
0.102808945185
0.101501465047
0.10018136157
0.098848841228
0.097504111969
0.09614738319
0.094778865701
0.093398771694
0.092007314712
0.090604709612
0.08919117254
0.08776692089
0.086332173278
0.084887149505
0.083432070526
0.081967158415
0.080492636333
0.079008728496
0.077515660136
0.076013657475
0.074502947686
0.07298375886
0.071456319973
0.069920860854
0.068377612145
0.066826805275
0.065268672418
0.063703446464
0.062131360984
0.060552650192
0.058967548916
0.057376292561
0.055779117073
0.054176258907
0.052567954992
0.050954442696
0.049335959791
0.04771274442
0.046085035061
0.044453070493
0.042817089763
0.041177332148
0.039534037125
0.037887444331
0.036237793534
0.034585324596
0.032930277439
0.031272892009
0.029613408244
0.027952066041
0.026289105218
0.02462476548
0.02295928639
0.021292907331
0.01962586747
0.017958405731
0.016290760753
0.014623170863
0.01295587404
0.011289107881
0.009623109568
0.007958115833
0.00629436293
0.004632086597
0.002971522023
0.00131290382
-0.000343534015
-0.001997558129
-0.003648935848
-0.005297435207
-0.006942824983
-0.008584874728
-0.010223354798
-0.011858036389
-0.013488691563
-0.015115093284
-0.016737015446
-0.018354232908
-0.019966521519
-0.021573658153
-0.023175420738
-0.024771588286
-0.026361940922
-0.027946259918
-0.029524327716
-0.031095927964
-0.03266084554
-0.034218866585
-0.035769778528
-0.037313370116
-0.038849431446
-0.040377753986
-0.041898130607
-0.043410355613
-0.044914224761
-0.046409535295
-0.04789608597
-0.049373677078
-0.050842110477
-0.052301189613
-0.053750719548
-0.055190506988
-0.056620360303
-0.058040089555
-0.059449506524
-0.060848424731
-0.062236659459
-0.063614027783
-0.064980348588
-0.066335442597
-0.06767913239
-0.069011242429
-0.070331599078
-0.07164003063
-0.072936367321
-0.074220441361
-0.075492086947
-0.076751140286
-0.07799743962
-0.07923082524
-0.080451139508
-0.081658226879
-0.082851933917
-0.084032109316
-0.085198603917
-0.086351270728
-0.087489964938
-0.088614543941
-0.089724867348
-0.090820797004
-0.091902197009
-0.09296893373
-0.094020875816
-0.095057894218
-0.096079862201
-0.09708665536
-0.098078151632
-0.099054231313
-0.100014777072
-0.100959673962
-0.101888809432
-0.102802073346
-0.103699357988
-0.104580558076
-0.105445570777
-0.106294295716
-0.107126634983
-0.107942493149
-0.108741777275
-0.10952439692
-0.110290264149
-0.111039293548
-0.111771402224
-0.112486509822
-0.113184538526
-0.11386541307
-0.114529060745
-0.115175411404
-0.11580439747
-0.116415953942
-0.117010018398
-0.117586531003
-0.118145434514
-0.118686674283
-0.119210198261
-0.119715957003
-0.12020390367
-0.120673994034
-0.121126186478
-0.121560441999
-0.121976724211
-0.122374999347
-0.122755236257
-0.12311740641
-0.123461483896
-0.123787445426
-0.124095270329
-0.124384940551
-0.124656440659
-0.124909757833
-0.125144881869
-0.125361805172
-0.12556052276
-0.125741032253
-0.125903333878
-0.126047430456
-0.126173327407
-0.12628103274
-0.126370557048
-0.126441913507
-0.126495117866
-0.126530188442
-0.126547146117
-0.126546014327
-0.126526819059
-0.126489588837
-0.126434354725
-0.126361150309
-0.126270011692
-0.126160977487
-0.126034088808
-0.125889389256
-0.125726924914
-0.125546744335
-0.125348898533
-0.125133440969
-0.124900427543
-0.12464991658
-0.124381968822
-0.124096647411
-0.123794017882
-0.123474148143
-0.123137108471
-0.122782971489
-0.122411812162
-0.122023707774
-0.121618737919
-0.121196984486
-0.120758531642
-0.120303465817
-0.119831875691
-0.119343852176
-0.118839488398
-0.118318879686
-0.11778212355
-0.117229319666
-0.116660569859
-0.116075978084
-0.115475650412
-0.114859695005
-0.114228222104
-0.113581344007
-0.112919175053
-0.112241831596
-0.111549431995
-0.110842096587
-0.110119947669
-0.109383109479
-0.108631708174
-0.107865871811
-0.107085730324
-0.106291415504
-0.105483060976
-0.10466080218
-0.103824776347
-0.102975122477
-0.102111981318
-0.101235495342
-0.100345808722
-0.09944306731
-0.098527418614
-0.097599011774
-0.096657997537
-0.095704528237
-0.094738757765
-0.093760841553
-0.09277093654
-0.091769201157
-0.090755795294
-0.089730880281
-0.088694618859
-0.087647175159
-0.086588714672
-0.085519404226
-0.084439411959
-0.083348907294
-0.082248060915
-0.081137044736
-0.080016031879
-0.078885196644
-0.077744714487
-0.076594761988
-0.07543551683
-0.074267157766
-0.073089864595
-0.071903818138
-0.070709200204
-0.069506193567
-0.068294981938
-0.067075749938
-0.065848683066
-0.064613967679
-0.063371790956
-0.062122340878
-0.060865806191
-0.059602376388
-0.058332241671
-0.057055592932
-0.055772621718
-0.054483520204
-0.053188481169
-0.051887697963
-0.050581364478
-0.049269675124
-0.047952824797
-0.046631008853
-0.045304423076
-0.043973263651
-0.042637727139
-0.041298010443
-0.039954310781
-0.038606825659
-0.037255752843
-0.035901290326
-0.034543636303
-0.033182989143
-0.031819547359
-0.030453509578
-0.029085074514
-0.027714440943
-0.026341807666
-0.024967373489
-0.02359133719
-0.022213897494
-0.02083525304
-0.019455602356
-0.018075143831
-0.016694075687
-0.015312595947
-0.013930902413
-0.012549192634
-0.011167663879
-0.009786513111
-0.008405936955
-0.007026131676
-0.005647293148
-0.004269616828
-0.002893297725
-0.00151853038
-0.000145508832
0.001225573405
0.002594523371
0.003961148685
0.005325257572
0.006686658892
0.008045162162
0.009400577587
0.010752716082
0.0121013893
0.013446409659
0.014787590364
0.016124745436
0.017457689737
0.018786238992
0.02011020982
0.021429419752
0.02274368726
0.024052831783
0.025356673746
0.026655034589
0.027947736789
0.029234603883
0.030515460496
0.031790132359
0.033058446335
0.034320230441
0.035575313874
0.03682352703
0.038064701527
0.03929867023
0.04052526727
0.041744328067
0.042955689354
0.044159189192
0.045354667
0.046541963569
0.047720921085
0.048891383151
0.050053194805
0.051206202541
0.05235025433
0.053485199638
0.054610889445
0.055727176267
0.056833914172
0.057930958798
0.059018167374
0.060095398738
0.061162513352
0.062219373323
0.063265842417
0.06430178608
0.065327071451
0.066341567381
0.067345144447
0.068337674972
0.069319033036
0.070289094495
0.071247736994
0.072194839984
0.073130284734
0.074053954347
0.074965733775
0.07586550983
0.076753171201
0.077628608464
0.078491714096
0.07934238249
0.080180509962
0.081005994768
0.081818737115
0.082618639171
0.083405605075
0.084179540952
0.084940354919
0.085687957098
0.086422259627
0.087143176666
0.087850624409
0.088544521093
0.089224787005
0.089891344493
0.090544117973
0.091183033934
0.091808020951
0.092419009688
0.093015932907
0.093598725474
0.094167324365
0.094721668671
0.095261699606
0.095787360512
0.096298596862
0.096795356267
0.097277588478
0.097745245393
0.098198281058
0.098636651673
0.099060315595
0.099469233337
0.099863367575
0.10024268315
0.100607147067
0.100956728498
0.101291398785
0.101611131439
0.10191590214
0.10220568874
0.102480471262
0.102740231897
0.10298495501
0.103214627131
0.10342923696
0.103628775363
0.10381323537
0.103982612173
0.104136903127
0.10427610774
0.104400227678
0.104509266757
0.104603230939
0.104682128331
0.104745969178
0.104794765863
0.104828532894
0.104847286908
0.104851046659
0.104839833017
0.104813668957
0.104772579557
0.10471659199
0.104645735517
0.104560041479
0.10445954329
0.104344276433
0.104214278444
0.104069588912
0.103910249464
0.103736303762
0.103547797487
0.103344778338
0.103127296013
0.102895402207
0.102649150596
0.102388596833
0.102113798529
0.101824815248
0.101521708493
0.101204541699
0.100873380212
0.100528291288
0.10016934407
0.099796609585
0.099410160724
0.099010072234
0.0985964207
0.098169284535
0.097728743967
0.097274881019
0.096807779502
0.096327524995
0.095834204835
0.095327908098
0.094808725585
0.094276749807
0.093732074969
0.093174796957
0.092605013315
0.092022823237
0.091428327543
0.090821628669
0.090202830644
0.089572039078
0.08892936114
0.088274905546
0.087608782535
0.086931103856
0.086241982747
0.08554153392
0.084829873537
0.084107119198
0.083373389916
0.082628806102
0.081873489546
0.081107563395
0.080331152133
0.079544381567
0.078747378801
0.077940272217
0.077123191458
0.076296267406
0.07545963216
0.074613419018
0.073757762454
0.072892798099
0.072018662718
0.07113549419
0.070243431489
0.069342614657
0.068433184788
0.067515284004
0.066589055432
0.065654643185
0.064712192338
0.063761848906
0.062803759823
0.061838072917
0.060864936894
0.059884501306
0.058896916537
0.057902333775
0.056900904993
0.055892782922
0.054878121032
0.053857073509
0.052829795226
0.051796441729
0.050757169207
0.049712134471
0.048661494931
0.047605408573
0.046544033933
0.045477530079
0.044406056581
0.043329773493
0.042248841324
0.041163421022
0.040073673941
0.038979761827
0.037881846785
0.036780091265
0.03567465803
0.034565710135
0.033453410907
0.032337923917
0.031219412956
0.030098042015
0.028973975258
0.027847376999
0.026718411681
0.025587243848
0.024454038125
0.023318959191
0.022182171759
0.021043840551
0.019904130272
0.018763205591
0.017621231115
0.016478371365
0.015334790753
0.014190653562
0.013046123917
0.011901365765
0.010756542853
0.009611818704
0.00846735659
0.007323319516
0.006179870193
0.005037171014
0.003895384035
0.00275467095
0.001615193068
0.000477111292
-0.000659413904
-0.001794222497
-0.002927154937
-0.004058052172
-0.005186755666
-0.006313107421
-0.007436950003
-0.008558126558
-0.009676480841
-0.010791857228
-0.011904100745
-0.013013057086
-0.014118572634
-0.015220494484
-0.01631867046
-0.01741294914
-0.018503179874
-0.019589212804
-0.020670898885
-0.021748089909
-0.022820638515
-0.023888398221
-0.024951223435
-0.026008969476
-0.027061492598
-0.028108650003
-0.029150299864
-0.030186301343
-0.031216514608
-0.032240800855
-0.033259022321
-0.03427104231
-0.035276725203
-0.03627593648
-0.037268542737
-0.038254411704
-0.03923341226
-0.040205414455
-0.041170289519
-0.042127909886
-0.043078149209
-0.044020882372
-0.04495598551
-0.045883336026
-0.046802812603
-0.047714295221
-0.048617665173
-0.04951280508
-0.050399598906
-0.05127793197
-0.052147690964
-0.053008763966
-0.053861040453
-0.054704411316
-0.055538768872
-0.05636400688
-0.057180020552
-0.057986706565
-0.058783963078
-0.059571689739
-0.0603497877
-0.06111815963
-0.061876709724
-0.062625343717
-0.063363968892
-0.064092494097
-0.064810829748
-0.065518887846
-0.066216581983
-0.066903827356
-0.067580540773
-0.068246640665
-0.068902047095
-0.069546681764
-0.070180468026
-0.070803330891
-0.071415197037
-0.072015994814
-0.072605654258
-0.07318410709
-0.073751286734
-0.074307128314
-0.074851568666
-0.075384546345
-0.07590600163
-0.076415876529
-0.076914114787
-0.07740066189
-0.07787546507
-0.078338473312
-0.078789637358
-0.079228909709
-0.079656244634
-0.080071598171
-0.080474928128
-0.080866194094
-0.081245357436
-0.081612381302
-0.081967230629
-0.08230987214
-0.082640274349
-0.082958407561
-0.083264243877
-0.083557757191
-0.083838923194
-0.084107719375
-0.084364125022
-0.084608121218
-0.084839690849
-0.085058818595
-0.085265490937
-0.085459696152
-0.085641424314
-0.085810667293
-0.085967418751
-0.086111674145
-0.086243430718
-0.086362687507
-0.08646944533
-0.086563706791
-0.086645476272
-0.086714759934
-0.08677156571
-0.086815903304
-0.086847784187
-0.086867221589
-0.0868742305
-0.086868827661
-0.086851031563
-0.086820862439
-0.086778342257
-0.086723494722
-0.08665634526
-0.086576921019
-0.08648525086
-0.086381365352
-0.086265296763
-0.086137079055
-0.085996747876
-0.08584434055
-0.085679896075
-0.085503455109
-0.085315059967
-0.085114754608
-0.084902584629
-0.084678597257
-0.084442841336
-0.084195367323
-0.083936227274
-0.083665474837
-0.083383165241
-0.083089355285
-0.082784103329
-0.082467469286
-0.082139514603
-0.08180030226
-0.081449896751
-0.081088364079
-0.080715771738
-0.080332188707
-0.079937685433
-0.079532333824
-0.079116207232
-0.078689380444
-0.078251929667
-0.077803932514
-0.077345467997
-0.076876616506
-0.0763974598
-0.075908080993
-0.075408564539
-0.074898996218
-0.074379463123
-0.073850053647
-0.073310857464
-0.072761965519
-0.07220347001
-0.071635464374
-0.071058043275
-0.070471302582
-0.069875339361
-0.069270251855
-0.068656139467
-0.06803310275
-0.067401243386
-0.06676066417
-0.066111468996
-0.065453762841
-0.064787651745
-0.064113242798
-0.063430644121
-0.06273996485
-0.062041315118
-0.06133480604
-0.060620549693
-0.059898659101
-0.059169248215
-0.058432431899
-0.057688325909
-0.056937046876
-0.056178712289
-0.055413440477
-0.054641350589
-0.053862562579
-0.053077197184
-0.05228537591
-0.051487221008
-0.050682855462
-0.049872402965
-0.049055987902
-0.048233735334
-0.047405770974
-0.046572221172
-0.045733212896
-0.04488887371
-0.044039331759
-0.043184715747
-0.042325154918
-0.041460779037
-0.040591718373
-0.039718103676
-0.038840066161
-0.037957737485
-0.037071249732
-0.03618073539
-0.035286327333
-0.034388158799
-0.033486363377
-0.032581074979
-0.031672427827
-0.030760556429
-0.029845595563
-0.028927680254
-0.028006945757
-0.027083527537
-0.026157561247
-0.025229182711
-0.024298527904
-0.023365732931
-0.022430934009
-0.021494267445
-0.02055586962
-0.019615876967
-0.018674425951
-0.01773165305
-0.016787694738
-0.015842687462
-0.014896767624
-0.013950071562
-0.013002735529
-0.012054895676
-0.011106688031
-0.010158248482
-0.009209712753
-0.00826121639
-0.007312894741
-0.006364882932
-0.005417315856
-0.004470328148
-0.003524054168
-0.002578627982
-0.001634183345
-0.00069085368
0.00025122794
0.001191928809
0.002131116609
0.003068659426
0.004004425768
0.004938284587
0.005870105293
0.006799757772
0.007727112408
0.008652040097
0.009574412263
0.010494100884
0.011410978498
0.01232491823
0.013235793805
0.014143479565
0.015047850485
0.015948782196
0.016846150994
0.017739833861
0.018629708481
0.019515653258
0.020397547327
0.021275270576
0.022148703661
0.023017728018
0.023882225883
0.024742080308
0.025597175172
0.0264473952
0.027292625979
0.028132753969
0.028967666524
0.0297972519
0.030621399274
0.031439998758
0.032252941414
0.033060119264
0.033861425311
0.034656753544
0.035445998962
0.036229057579
0.037005826441
0.03777620364
0.038540088324
0.039297380714
0.040047982114
0.040791794923
0.041528722649
0.042258669921
0.042981542501
0.043697247293
0.04440569236
0.045106786932
0.045800441417
0.046486567414
0.047165077721
0.047835886351
0.048498908536
0.049154060742
0.049801260678
0.050440427306
0.051071480848
0.051694342801
0.052308935941
0.052915184338
0.053513013359
0.054102349679
0.054683121292
0.055255257517
0.055818689005
0.05637334775
0.056919167096
0.057456081744
0.057984027757
0.058502942573
0.059012765005
0.059513435255
0.060004894914
0.060487086974
0.060959955827
0.06142344728
0.061877508554
0.062322088292
0.062757136562
0.063182604866
0.063598446143
0.064004614772
0.06440106658
0.064787758841
0.065164650286
0.065531701104
0.065888872943
0.066236128919
0.066573433615
0.066900753085
0.067218054857
0.067525307936
0.067822482804
0.068109551426
0.068386487248
0.068653265203
0.068909861707
0.069156254664
0.069392423466
0.069618348996
0.069834013624
0.070039401211
0.070234497107
0.070419288155
0.070593762686
0.070757910518
0.070911722963
0.071055192816
0.071188314361
0.071311083368
0.071423497089
0.07152555426
0.071617255097
0.071698601292
0.071769596016
0.071830243911
0.071880551089
0.071920525132
0.071950175084
0.071969511451
0.071978546195
0.071977292734
0.071965765933
0.071943982104
0.071911959
0.071869715808
0.071817273149
0.07175465307
0.07168187904
0.071598975943
0.071505970073
0.07140288913
0.071289762212
0.07116661981
0.071033493801
0.070890417442
0.070737425362
0.070574553558
0.070401839383
0.070219321545
0.070027040094
0.069825036418
0.069613353232
0.069392034575
0.069161125795
0.068920673546
0.068670725779
0.068411331729
0.068142541913
0.067864408115
0.067576983378
0.067280321997
0.066974479509
0.06665951268
0.0663354795
0.066002439168
0.065660452086
0.065309579847
0.064949885224
0.064581432159
0.064204285754
0.06381851226
0.063424179063
0.063021354675
0.062610108725
0.062190511941
0.061762636145
0.061326554237
0.060882340184
0.060430069011
0.059969816782
0.059501660595
0.059025678565
0.058541949813
0.058050554452
0.057551573577
0.057045089247
0.05653118448
0.056009943229
0.055481450378
0.054945791724
0.054403053966
0.053853324688
0.053296692346
0.052733246259
0.052163076587
0.051586274324
0.05100293128
0.050413140068
0.049816994087
0.049214587515
0.048606015283
0.047991373071
0.047370757288
0.046744265058
0.046111994204
0.045474043236
0.044830511333
0.044181498329
0.043527104701
0.042867431546
0.042202580574
0.041532654087
0.040857754966
0.040177986655
0.039493453146
0.038804258962
0.038110509143
0.037412309228
0.036709765242
0.036002983678
0.035292071482
0.034577136038
0.033858285149
0.033135627025
0.032409270264
0.031679323837
0.030945897073
0.030209099639
0.029469041531
0.028725833049
0.027979584788
0.027230407618
0.02647841267
0.025723711316
0.024966415159
0.02420663601
0.023444485876
0.022680076943
0.021913521559
0.021144932217
0.020374421542
0.019602102271
0.018828087237
0.018052489358
0.017275421612
0.016496997028
0.015717328668
0.014936529609
0.014154712928
0.013371991686
0.012588478911
0.011804287586
0.011019530625
0.010234320863
0.009448771041
0.008662993785
0.007877101593
0.00709120682
0.00630542166
0.00551985813
0.004734628059
0.003949843065
0.003165614546
0.002382053659
0.001599271309
0.00081737813
0.000036484474
-0.000743299612
-0.001521864392
-0.002299100463
-0.003074898768
-0.003849150609
-0.004621747667
-0.00539258201
-0.006161546116
-0.006928532879
-0.007693435633
-0.008456148157
-0.009216564698
-0.00997457998
-0.01073008922
-0.011482988143
-0.012233172995
-0.012980540558
-0.013724988163
-0.014466413705
-0.015204715656
-0.015939793079
-0.01667154564
-0.017399873625
-0.01812467795
-0.018845860176
-0.019563322521
-0.020276967874
-0.020986699807
-0.02169242259
-0.022394041199
-0.023091461335
-0.023784589431
-0.024473332666
-0.025157598978
-0.025837297076
-0.026512336451
-0.027182627388
-0.027848080978
-0.028508609131
-0.029164124583
-0.029814540913
-0.03045977255
-0.031099734784
-0.031734343782
-0.03236351659
-0.032987171151
-0.033605226315
-0.034217601843
-0.034824218424
-0.035424997681
-0.036019862184
-0.036608735455
-0.037191541985
-0.037768207233
-0.038338657646
-0.038902820661
-0.039460624717
-0.040011999261
-0.040556874762
-0.041095182712
-0.041626855642
-0.042151827124
-0.042670031783
-0.043181405302
-0.043685884432
-0.044183406998
-0.044673911908
-0.045157339158
-0.045633629839
-0.046102726147
-0.046564571386
-0.047019109976
-0.047466287462
-0.047906050514
-0.048338346938
-0.048763125682
-0.049180336837
-0.049589931649
-0.049991862518
-0.050386083007
-0.050772547846
-0.051151212937
-0.051522035359
-0.051884973371
-0.052239986416
-0.052587035129
-0.052926081336
-0.053257088061
-0.053580019527
-0.053894841163
-0.054201519603
-0.054500022692
-0.054790319489
-0.055072380267
-0.055346176518
-0.055611680955
-0.055868867512
-0.056117711349
-0.056358188852
-0.056590277635
-0.056813956542
-0.057029205647
-0.057236006256
-0.057434340909
-0.057624193378
-0.057805548669
-0.057978393023
-0.058142713916
-0.058298500058
-0.058445741393
-0.058584429101
-0.058714555593
-0.058836114516
-0.058949100748
-0.059053510395
-0.059149340799
-0.059236590525
-0.059315259367
-0.059385348346
-0.059446859704
-0.059499796905
-0.059544164632
-0.059579968786
-0.059607216479
-0.059625916037
-0.059636076994
-0.059637710088
-0.059630827261
-0.059615441652
-0.059591567596
-0.059559220619
-0.059518417434
-0.059469175938
-0.059411515206
-0.05934545549
-0.059271018209
-0.05918822595
-0.059097102458
-0.058997672636
-0.058889962535
-0.058773999353
-0.058649811425
-0.058517428222
-0.058376880341
-0.058228199501
-0.058071418538
-0.057906571397
-0.057733693126
-0.057552819868
-0.057363988858
-0.057167238413
-0.056962607925
-0.056750137855
-0.056529869727
-0.056301846117
-0.056066110649
-0.055822707983
-0.055571683812
-0.055313084851
-0.055046958831
-0.054773354488
-0.054492321555
-0.054203910757
-0.053908173797
-0.053605163354
-0.053294933066
-0.052977537526
-0.052653032275
-0.052321473786
-0.05198291946
-0.051637427614
-0.051285057473
-0.050925869159
-0.050559923681
-0.050187282926
-0.049808009649
-0.049422167461
-0.04902982082
-0.048631035021
-0.048225876187
-0.047814411252
-0.047396707959
-0.046972834842
-0.046542861219
-0.046106857181
-0.045664893577
-0.045217042008
-0.044763374812
-0.044303965055
-0.043838886519
-0.043368213687
-0.042892021738
-0.042410386529
-0.041923384586
-0.041431093094
-0.040933589879
-0.040430953404
-0.039923262751
-0.039410597609
-0.038893038267
-0.038370665596
-0.037843561037
-0.037311806593
-0.036775484813
-0.03623467878
-0.035689472098
-0.03513994888
-0.034586193735
-0.034028291758
-0.03346632851
-0.032900390012
-0.032330562731
-0.031756933564
-0.031179589825
-0.030598619239
-0.030014109917
-0.029426150354
-0.028834829409
-0.028240236296
-0.027642460566
-0.027041592099
-0.026437721086
-0.02583093802
-0.02522133368
-0.024608999117
-0.023994025642
-0.023376504814
-0.022756528423
-0.022134188479
-0.021509577199
-0.020882786992
-0.020253910446
-0.019623040315
-0.018990269505
-0.018355691059
-0.017719398149
-0.017081484056
-0.016442042159
-0.015801165924
-0.015158948886
-0.014515484639
-0.013870866821
-0.013225189103
-0.01257854517
-0.011931028713
-0.011282733416
-0.010633752936
-0.009984180898
-0.009334110876
-0.008683636381
-0.008032850849
-0.007381847628
-0.006730719963
-0.006079560982
-0.005428463686
-0.004777520936
-0.004126825437
-0.003476469724
-0.002826546155
-0.002177146892
-0.001528363893
-0.000880288895
-0.000233013403
0.000413371323
0.001058774279
0.001703104732
0.002346272232
0.002988186624
0.00362875806
0.004267897011
0.004905514284
0.005541521026
0.006175828744
0.006808349313
0.007438994988
0.008067678418
0.008694312657
0.009318811174
0.009941087868
0.010561057077
0.011178633593
0.011793732667
0.01240627003
0.013016161894
0.013623324971
0.014227676482
0.014829134164
0.01542761629
0.016023041669
0.016615329665
0.017204400206
0.017790173791
0.018372571505
0.018951515027
0.019526926641
0.020098729245
0.020666846365
0.02123120216
0.021791721435
0.022348329649
0.022900952927
0.023449518069
0.023993952557
0.024534184566
0.025070142976
0.025601757377
0.026128958078
0.026651676121
0.027169843284
0.027683392093
0.028192255828
0.028696368536
0.029195665033
0.029690080919
0.03017955258
0.030664017201
0.031143412768
0.031617678082
0.032086752764
0.03255057726
0.033009092852
0.033462241664
0.033909966667
0.03435221169
0.034788921422
0.035220041423
0.035645518129
0.036065298856
0.03647933181
0.036887566091
0.037289951699
0.037686439542
0.038076981437
0.038461530122
0.038840039256
0.039212463426
0.039578758155
0.0399388799
0.040292786067
0.040640435005
0.040981786019
0.04131679937
0.041645436281
0.041967658939
0.042283430503
0.042592715104
0.04289547785
0.043191684832
0.043481303122
0.043764300782
0.044040646864
0.044310311415
0.044573265475
0.044829481087
0.045078931295
0.045321590146
0.045557432694
0.045786435003
0.046008574145
0.046223828208
0.046432176292
0.046633598512
0.046828076002
0.047015590913
0.047196126416
0.047369666702
0.047536196983
0.047695703494
0.047848173492
0.047993595254
0.048131958085
0.048263252308
0.048387469272
0.048504601348
0.048614641927
0.048717585426
0.04881342728
0.048902163945
0.048983792897
0.049058312629
0.049125722652
0.049186023493
0.049239216693
0.049285304804
0.04932429139
0.049356181023
0.049380979283
0.049398692753
0.049409329018
0.049412896662
0.049409405269
0.049398865412
0.04938128866
0.049356687567
0.049325075672
0.049286467497
0.049240878541
0.049188325277
0.04912882515
0.049062396571
0.048989058914
0.04890883251
0.048821738648
0.048727799564
0.048627038441
0.048519479401
0.048405147503
0.048284068738
0.048156270022
0.048021779192
0.047880625001
0.047732837111
0.047578446091
0.047417483406
0.047249981417
0.047075973371
0.046895493395
0.046708576494
0.04651525854
0.046315576269
0.04610956727
0.045897269986
0.045678723699
0.045453968529
0.045223045424
0.044985996156
0.044742863309
0.044493690278
0.044238521254
0.043977401226
0.043710375964
0.043437492017
0.043158796706
0.042874338112
0.042584165069
0.042288327159
0.041986874702
0.041679858747
0.041367331063
0.041049344136
0.040725951151
0.040397205993
0.040063163232
0.039723878118
0.039379406568
0.039029805163
0.038675131131
0.038315442348
0.037950797318
0.037581255173
0.037206875657
0.036827719121
0.03644384651
0.036055319358
0.035662199772
0.035264550429
0.034862434561
0.03445591595
0.034045058913
0.033629928295
0.03321058946
0.032787108277
0.032359551114
0.031927984826
0.031492476745
0.031053094668
0.030609906851
0.030162981992
0.029712389229
0.029258198122
0.028800478646
0.028339301179
0.027874736493
0.027406855744
0.026935730457
0.02646143252
0.02598403417
0.025503607984
0.025020226869
0.024533964048
0.02404489305
0.023553087703
0.023058622118
0.022561570679
0.022062008035
0.021560009086
0.021055648973
0.020549003067
0.020040146956
0.019529156439
0.019016107508
0.018501076343
0.017984139297
0.017465372885
0.016944853776
0.01642265878
0.015898864833
0.015373548994
0.014846788426
0.01431866039
0.01378924223
0.013258611366
0.01272684528
0.012194021503
0.01166021761
0.011125511203
0.010589979901
0.010053701334
0.009516753124
0.008979212879
0.008441158181
0.007902666574
0.007363815555
0.00682468256
0.006285344957
0.005745880029
0.005206364971
0.004666876873
0.004127492711
0.003588289335
0.003049343463
0.002510731664
0.001972530351
0.001434815768
0.000897663983
0.000361150873
-0.000174647884
-0.000709656819
-0.001243800685
-0.001777004465
-0.002309193383
-0.002840292915
-0.0033702288
-0.003898927047
-0.004426313949
-0.004952316091
-0.005476860359
-0.005999873955
-0.006521284399
-0.007041019548
-0.007559007596
-0.008075177094
-0.008589456951
-0.009101776449
-0.00961206525
-0.010120253407
-0.010626271372
-0.011130050006
-0.01163152059
-0.01213061483
-0.012627264871
-0.013121403303
-0.01361296317
-0.014101877981
-0.014588081717
-0.015071508839
-0.015552094301
-0.016029773552
-0.01650448255
-0.016976157769
-0.017444736205
-0.017910155386
-0.018372353383
-0.018831268813
-0.019286840848
-0.019739009227
-0.020187714259
-0.020632896834
-0.021074498428
-0.021512461112
-0.021946727559
-0.022377241052
-0.022803945492
-0.023226785401
-0.023645705933
-0.024060652882
-0.024471572683
-0.024878412424
-0.025281119853
-0.025679643378
-0.026073932083
-0.026463935725
-0.026849604747
-0.027230890281
-0.027607744153
-0.027980118893
-0.028347967736
-0.028711244632
-0.029069904246
-0.029423901971
-0.029773193926
-0.030117736966
-0.030457488685
-0.030792407422
-0.031122452264
-0.031447583055
-0.031767760394
-0.032082945647
-0.032393100945
-0.032698189194
-0.032998174073
-0.033293020044
-0.033582692352
-0.03386715703
-0.034146380905
-0.034420331596
-0.034688977525
-0.034952287912
-0.035210232787
-0.035462782986
-0.035709910158
-0.035951586764
-0.036187786087
-0.036418482226
-0.036643650104
-0.036863265471
-0.0370773049
-0.037285745797
-0.037488566398
-0.037685745773
-0.037877263826
-0.0380631013
-0.038243239775
-0.03841766167
-0.038586350246
-0.038749289608
-0.038906464703
-0.039057861321
-0.039203466099
-0.039343266519
-0.039477250911
-0.039605408451
-0.03972772916
-0.039844203911
-0.03995482442
-0.040059583255
-0.040158473827
-0.040251490397
-0.040338628072
-0.040419882805
-0.040495251396
-0.040564731486
-0.040628321565
-0.040686020963
-0.040737829852
-0.040783749245
-0.040823780995
-0.040857927792
-0.040886193163
-0.040908581468
-0.040925097902
-0.040935748489
-0.040940540083
-0.040939480364
-0.040932577836
-0.040919841826
-0.040901282479
-0.040876910758
-0.04084673844
-0.040810778113
-0.040769043174
-0.040721547823
-0.040668307064
-0.0406093367
-0.040544653329
-0.040474274339
-0.040398217909
-0.040316503002
-0.04022914936
-0.040136177503
-0.040037608724
-0.039933465084
-0.039823769408
-0.039708545283
-0.039587817049
-0.039461609798
-0.039329949368
-0.039192862341
-0.039050376031
-0.038902518489
-0.038749318488
-0.038590805527
-0.038427009817
-0.038257962284
-0.038083694556
-0.037904238965
-0.037719628533
-0.037529896975
-0.037335078685
-0.037135208738
-0.036930322876
-0.036720457509
-0.036505649706
-0.036285937185
-0.036061358316
-0.035831952103
-0.035597758189
-0.035358816839
-0.035115168941
-0.034866855996
-0.034613920112
-0.034356403996
-0.034094350949
-0.033827804856
-0.033556810183
-0.033281411966
-0.033001655806
-0.032717587862
-0.03242925484
-0.03213670399
-0.031839983096
-0.031539140471
-0.031234224945
-0.03092528586
-0.030612373064
-0.030295536898
-0.029974828194
-0.029650298262
-0.029321998887
-0.028989982316
-0.028654301252
-0.028315008847
-0.027972158692
-0.027625804809
-0.027276001645
-0.026922804059
-0.026566267319
-0.026206447087
-0.025843399419
-0.025477180748
-0.025107847881
-0.024735457988
-0.024360068592
-0.023981737566
-0.023600523117
-0.023216483782
-0.022829678417
-0.022440166189
-0.022048006568
-0.021653259315
-0.021255984477
-0.020856242375
-0.020454093596
-0.020049598985
-0.019642819635
-0.019233816877
-0.018822652272
-0.018409387603
-0.017994084862
-0.017576806247
-0.017157614146
-0.016736571133
-0.016313739956
-0.01588918353
-0.015462964924
-0.015035147357
-0.014605794185
-0.014174968891
-0.013742735081
-0.013309156468
-0.012874296868
-0.012438220188
-0.012000990417
-0.011562671619
-0.01112332792
-0.010683023503
-0.010241822593
-0.009799789456
-0.009356988381
-0.008913483677
-0.008469339661
-0.008024620649
-0.007579390949
-0.007133714847
-0.006687656605
-0.006241280444
-0.005794650541
-0.005347831016
-0.004900885927
-0.004453879256
-0.004006874904
-0.00355993668
-0.003113128291
-0.002666513337
-0.002220155298
-0.001774117528
-0.001328463243
-0.000883255515
-0.000438557262
0.000005568759
0.000449059964
0.00089185395
0.0013338885
0.001775101596
0.002215431425
0.002654816388
0.00309319511
0.003530506447
0.003966689494
0.004401683594
0.004835428347
0.005267863617
0.005698929541
0.006128566537
0.006556715313
0.006983316871
0.007408312522
0.007831643888
0.008253252911
0.008673081864
0.009091073356
0.009507170337
0.009921316115
0.010333454351
0.010743529079
0.011151484702
0.011557266008
0.011960818174
0.012362086774
0.012761017783
0.01315755759
0.013551653
0.013943251243
0.014332299981
0.014718747317
0.015102541795
0.015483632414
0.015861968632
0.016237500371
0.016610178026
0.016979952469
0.017346775059
0.017710597642
0.018071372564
0.018429052674
0.018783591329
0.019134942401
0.019483060283
0.019827899897
0.020169416693
0.020507566662
0.020842306338
0.021173592803
0.021501383695
0.021825637209
0.022146312108
0.02246336772
0.022776763953
0.02308646129
0.023392420802
0.023694604147
0.023992973578
0.024287491945
0.024578122703
0.024864829911
0.025147578243
0.025426332986
0.025701060047
0.025971725958
0.026238297877
0.026500743594
0.026759031534
0.027013130761
0.02726301098
0.027508642542
0.027749996449
0.027987044351
0.028219758556
0.02844811203
0.028672078399
0.028891631954
0.029106747652
0.029317401119
0.029523568654
0.029725227229
0.029922354494
0.030114928776
0.030302929083
0.030486335108
0.030665127227
0.030839286503
0.031008794687
0.031173634223
0.031333788241
0.031489240569
0.031639975727
0.031785978931
0.031927236093
0.032063733823
0.03219545943
0.032322400922
0.032444547008
0.032561887095
0.032674411295
0.032782110418
0.032884975978
0.03298300019
0.033076175974
0.033164496948
0.033247957435
0.033326552459
0.033400277747
0.033469129725
0.033533105522
0.033592202965
0.033646420583
0.033695757602
0.033740213946
0.033779790236
0.033814487789
0.033844308617
0.033869255425
0.033889331609
0.033904541256
0.033914889142
0.033920380731
0.033921022171
0.033916820296
0.033907782618
0.033893917331
0.033875233307
0.033851740092
0.033823447905
0.033790367635
0.033752510841
0.033709889746
0.033662517234
0.033610406853
0.033553572804
0.033492029945
0.033425793783
0.033354880473
0.033279306816
0.033199090253
0.033114248864
0.033024801362
0.032930767093
0.032832166027
0.03272901876
0.032621346508
0.0325091711
0.032392514978
0.032271401193
0.032145853397
0.032015895844
0.03188155338
0.031742851444
0.031599816058
0.031452473829
0.031300851939
0.031144978141
0.030984880759
0.030820588675
0.030652131332
0.030479538723
0.030302841392
0.030122070422
0.029937257434
0.029748434581
0.029555634545
0.029358890524
0.029158236237
0.028953705909
0.028745334272
0.028533156555
0.028317208481
0.028097526261
0.027874146586
0.027647106623
0.027416444009
0.027182196843
0.026944403682
0.026703103535
0.026458335855
0.026210140535
0.025958557898
0.025703628694
0.025445394095
0.025183895682
0.024919175445
0.024651275775
0.024380239453
0.024106109649
0.023828929913
0.023548744169
0.023265596704
0.022979532168
0.022690595562
0.022398832235
0.02210428787
0.021807008488
0.021507040429
0.021204430355
0.020899225236
0.020591472347
0.020281219257
0.019968513826
0.019653404196
0.019335938782
0.019016166268
0.018694135594
0.018369895958
0.018043496799
0.017714987795
0.017384418855
0.01705184011
0.016717301906
0.016380854797
0.016042549538
0.015702437077
0.015360568547
0.015016995256
0.014671768688
0.014324940483
0.013976562441
0.013626686506
0.013275364763
0.01292264943
0.012568592848
0.012213247474
0.011856665877
0.011498900724
0.011140004779
0.010780030889
0.010419031982
0.010057061056
0.00969417117
0.009330415442
0.008965847036
0.008600519156
0.008234485038
0.007867797943
0.007500511152
0.00713267795
0.00676435163
0.006395585475
0.006026432756
0.005656946724
0.005287180601
0.004917187572
0.004547020779
0.004176733315
0.003806378212
0.003436008435
0.00306567688
0.002695436357
0.002325339591
0.001955439209
0.001585787736
0.001216437587
0.000847441058
0.000478850321
0.000110717414
-0.000256905764
-0.000623967459
-0.000990416074
-0.001356200171
-0.001721268482
-0.002085569912
-0.002449053551
-0.002811668678
-0.003173364765
-0.003534091493
-0.003893798748
-0.004252436637
-0.004609955488
-0.004966305862
-0.005321438555
-0.005675304609
-0.006027855315
-0.006379042224
-0.006728817148
-0.007077132172
-0.007423939654
-0.007769192239
-0.00811284286
-0.008454844746
-0.008795151428
-0.009133716745
-0.009470494852
-0.009805440224
-0.01013850766
-0.010469652296
-0.010798829603
-0.011125995398
-0.011451105848
-0.011774117477
-0.012094987168
-0.012413672174
-0.012730130119
-0.013044319007
-0.013356197226
-0.01366572355
-0.013972857152
-0.014277557603
-0.014579784877
-0.014879499362
-0.015176661859
-0.015471233589
-0.0157631762
-0.016052451767
-0.016339022804
-0.016622852261
-0.016903903535
-0.017182140469
-0.017457527361
-0.017730028968
-0.017999610507
-0.018266237663
-0.018529876591
-0.01879049392
-0.019048056761
-0.019302532705
-0.019553889831
-0.019802096709
-0.020047122403
-0.020288936476
-0.020527508993
-0.020762810523
-0.020994812146
-0.021223485454
-0.021448802552
-0.021670736068
-0.02188925915
-0.02210434547
-0.022315969231
-0.022524105164
-0.022728728538
-0.022929815154
-0.023127341356
-0.023321284029
-0.023511620601
-0.023698329051
-0.023881387903
-0.024060776234
-0.024236473677
-0.024408460418
-0.024576717203
-0.024741225336
-0.024901966686
-0.025058923682
-0.025212079322
-0.025361417166
-0.025506921348
-0.025648576568
-0.0257863681
-0.025920281787
-0.02605030405
-0.026176421883
-0.026298622854
-0.026416895111
-0.026531227379
-0.02664160896
-0.026748029737
-0.026850480172
-0.026948951308
-0.027043434768
-0.027133922757
-0.02722040806
-0.027302884047
-0.027381344666
-0.02745578445
-0.027526198511
-0.027592582544
-0.027654932827
-0.027713246216
-0.02776752015
-0.027817752648
-0.027863942308
-0.027906088308
-0.027944190404
-0.02797824893
-0.028008264796
-0.028034239488
-0.028056175067
-0.028074074169
-0.028087939999
-0.028097776337
-0.028103587531
-0.028105378498
-0.02810315472
-0.028096922246
-0.02808668769
