0.999214848347
0.998288176165
0.997220317768
0.996011627147
0.994662477891
0.993173263108
0.991544395339
0.989776306472
0.987869447652
0.985824289192
0.983641320475
0.981321049858
0.978864004572
0.976270730623
0.973541792682
0.970677773982
0.967679276205
0.964546919374
0.961281341734
0.957883199636
0.954353167419
0.950691937287
0.946900219185
0.942978740673
0.938928246793
0.934749499945
0.930443279745
0.926010382897
0.921451623049
0.916767830655
0.911959852834
0.90702855322
0.901974811824
0.896799524874
0.891503604675
0.886087979446
0.880553593171
0.874901405442
0.869132391294
0.86324754105
0.857247860154
0.851134369008
0.844908102804
0.838570111354
0.832121458923
0.825563224052
0.818896499386
0.812122391497
0.805242020708
0.79825652091
0.791167039386
0.783974736622
0.776680786127
0.769286374244
0.761792699965
0.75420097474
0.746512422287
0.738728278398
0.730849790748
0.7228782187
0.714814833106
0.706660916109
0.698417760949
0.690086671755
0.68166896335
0.673165961043
0.66457900043
0.655909427183
0.647158596847
0.638327874633
0.629418635205
0.620432262475
0.611370149393
0.602233697727
0.59302431786
0.583743428573
0.574392456826
0.56497283755
0.555486013426
0.545933434669
0.53631655881
0.526636850479
0.516895781185
0.507094829094
0.497235478813
0.487319221163
0.477347552962
0.467321976803
0.457244000827
0.447115138503
0.436936908405
0.426710833984
0.416438443348
0.406121269036
0.39576084779
0.385358720334
0.374916431145
0.364435528228
0.353917562892
0.343364089521
0.332776665349
0.322156850235
0.311506206433
0.300826298368
0.290118692411
0.279384956651
0.268626660665
0.257845375299
0.247042672437
0.236220124778
0.225379305605
0.214521788568
0.203649147452
0.192762955953
0.181864787458
0.170956214814
0.160038810112
0.149114144456
0.138183787746
0.127249308451
0.116312273393
0.105374247518
0.094436793683
0.08350147243
0.07256984177
0.061643456961
0.050723870295
0.039812630876
0.028911284405
0.018021372963
0.007144434799
-0.003717995886
-0.014564389152
-0.025393219535
-0.036202966253
-0.04699211342
-0.057759150255
-0.06850257129
-0.079220876577
-0.089912571895
-0.100576168954
-0.111210185602
-0.121813146023
-0.132383580941
-0.142920027824
-0.153421031075
-0.163885142238
-0.174310920191
-0.18469693134
-0.195041749816
-0.205343957663
-0.215602145036
-0.225814910385
-0.235980860642
-0.246098611416
-0.25616678717
-0.266184021406
-0.276148956853
-0.28606024564
-0.29591654948
-0.305716539845
-0.315458898143
-0.325142315891
-0.334765494889
-0.344327147388
-0.353825996261
-0.363260775171
-0.372630228733
-0.381933112681
-0.391168194027
-0.400334251222
-0.409430074317
-0.418454465113
-0.42740623732
-0.43628421671
-0.445087241262
-0.453814161317
-0.462463839719
-0.471035151963
-0.479526986336
-0.487938244058
-0.49626783942
-0.504514699921
-0.512677766402
-0.520755993176
-0.528748348161
-0.536653813007
-0.544471383223
-0.552200068296
-0.559838891819
-0.567386891605
-0.574843119805
-0.582206643027
-0.589476542442
-0.596651913901
-0.603731868038
-0.610715530377
-0.617602041438
-0.624390556836
-0.63108024738
-0.637670299173
-0.6441599137
-0.650548307925
-0.656834714381
-0.663018381254
-0.669098572469
-0.675074567776
-0.680945662824
-0.686711169246
-0.692370414728
-0.697922743087
-0.703367514337
-0.708704104762
-0.713931906979
-0.719050330001
-0.724058799301
-0.728956756866
-0.733743661257
-0.738418987661
-0.742982227942
-0.74743289069
-0.751770501267
-0.755994601853
-0.760104751484
-0.764100526092
-0.767981518543
-0.771747338668
-0.775397613299
-0.778931986293
-0.782350118561
-0.785651688092
-0.788836389976
-0.791903936419
-0.794854056764
-0.797686497502
-0.800401022287
-0.802997411941
-0.805475464465
-0.80783499504
-0.810075836031
-0.812197836986
-0.814200864631
-0.816084802868
-0.817849552765
-0.819495032544
-0.821021177571
-0.822427940341
-0.823715290457
-0.824883214613
-0.825931716571
-0.826860817133
-0.827670554121
-0.828360982337
-0.828932173541
-0.829384216409
-0.829717216501
-0.82993129622
-0.83002659477
-0.830003268112
-0.82986148892
-0.829601446531
-0.829223346893
-0.828727412513
-0.828113882403
-0.82738301202
-0.826535073208
-0.825570354133
-0.824489159223
-0.823291809097
-0.821978640497
-0.820550006221
-0.819006275043
-0.817347831643
-0.815575076527
-0.813688425948
-0.811688311822
-0.809575181649
-0.80734949842
-0.805011740534
-0.802562401708
-0.800001990879
-0.797331032116
-0.794550064521
-0.791659642129
-0.78866033381
-0.785552723166
-0.782337408426
-0.779015002341
-0.775586132072
-0.772051439088
-0.768411579043
-0.764667221672
-0.760819050671
-0.756867763578
-0.752814071656
-0.748658699772
-0.744402386272
-0.74004588286
-0.735589954467
-0.731035379127
-0.726382947844
-0.721633464464
-0.716787745538
-0.71184662019
-0.706810929981
-0.701681528768
-0.696459282569
-0.691145069418
-0.685739779225
-0.68024431363
-0.674659585861
-0.668986520583
-0.663226053751
-0.657379132462
-0.651446714802
-0.645429769695
-0.639329276748
-0.633146226096
-0.626881618246
-0.620536463919
-0.614111783892
-0.607608608838
-0.601027979162
-0.594370944842
-0.587638565265
-0.58083190906
-0.573952053935
-0.567000086507
-0.559977102138
-0.552884204764
-0.545722506723
-0.538493128591
-0.531197199002
-0.52383585448
-0.516410239268
-0.508921505145
-0.50137081126
-0.493759323952
-0.486088216573
-0.478358669309
-0.470571869007
-0.46272900899
-0.454831288882
-0.446879914426
-0.438876097301
-0.430821054946
-0.42271601037
-0.41456219198
-0.406360833386
-0.398113173228
-0.389820454985
-0.381483926794
-0.373104841264
-0.364684455291
-0.356224029873
-0.347724829924
-0.339188124085
-0.330615184543
-0.322007286839
-0.313365709686
-0.304691734778
-0.295986646603
-0.28725173226
-0.278488281265
-0.269697585369
-0.260880938367
-0.252039635913
-0.243174975331
-0.234288255426
-0.225380776298
-0.216453839157
-0.20750874613
-0.198546800079
-0.189569304411
-0.180577562892
-0.171572879462
-0.162556558045
-0.153529902366
-0.144494215764
-0.135450801007
-0.126400960105
-0.117345994129
-0.108287203021
-0.099225885418
-0.090163338459
-0.08110085761
-0.072039736476
-0.062981266623
-0.053926737394
-0.044877435729
-0.035834645984
-0.026799649753
-0.017773725686
-0.008758149316
0.000245807126
0.009236874881
0.018213788843
0.027175287732
0.036120114268
0.045047015347
0.053954742213
0.062842050628
0.071707701048
0.080550458788
0.089369094195
0.098162382812
0.106929105553
0.11566804886
0.124378004877
0.133057771607
0.141706153081
0.150321959517
0.15890400748
0.167451120046
0.175962126956
0.184435864779
0.192871177061
0.201266914488
0.209621935034
0.217935104116
0.226205294745
0.234431387678
0.242612271563
0.250746843088
0.258834007129
0.266872676891
0.274861774054
0.282800228916
0.290686980527
0.298520976837
0.306301174826
0.314026540643
0.321696049742
0.329308687012
0.33686344691
0.344359333591
0.351795361035
0.359170553176
0.366483944026
0.373734577796
0.380921509023
0.388043802686
0.395100534326
0.402090790164
0.409013667214
0.415868273397
0.422653727656
0.429369160061
0.43601371192
0.442586535887
0.449086796062
0.455513668101
0.46186633931
0.468144008748
0.474345887325
0.480471197898
0.486519175361
0.492489066741
0.498380131288
0.504191640562
0.509922878517
0.515573141592
0.521141738788
0.52662799175
0.532031234847
0.537350815249
0.542586092999
0.54773644109
0.552801245533
0.557779905427
0.562671833028
0.56747645381
0.572193206532
0.576821543298
0.581360929614
0.585810844449
0.590170780286
0.59444024318
0.598618752805
0.602705842503
0.606701059336
0.610603964126
0.614414131499
0.618131149929
0.621754621772
0.625284163308
0.628719404773
0.632059990393
0.635305578413
0.638455841128
0.641510464909
0.644469150227
0.647331611676
0.650097577996
0.652766792085
0.655339011023
0.657814006083
0.660191562742
0.662471480694
0.664653573857
0.666737670379
0.668723612644
0.670611257271
0.672400475118
0.674091151276
0.675683185069
0.677176490045
0.678570993971
0.679866638819
0.681063380758
0.682161190138
0.683160051473
0.684059963427
0.684860938789
0.685563004453
0.686166201396
0.68667058465
0.687076223273
0.687383200322
0.68759161282
0.68770157172
0.687713201873
0.687626641988
0.687442044593
0.687159575994
0.686779416228
0.686301759026
0.685726811756
0.68505479538
0.684285944402
0.683420506815
0.682458744045
0.681400930896
0.680247355491
0.678998319212
0.677654136639
0.676215135484
0.674681656529
0.673054053554
0.671332693271
0.669517955256
0.667610231868
0.665609928183
0.663517461915
0.661333263337
0.659057775203
0.656691452667
0.654234763201
0.65168818651
0.649052214443
0.646327350912
0.643514111797
0.640613024859
0.637624629645
0.634549477395
0.631388130948
0.628141164644
0.624809164224
0.621392726735
0.617892460422
0.61430898463
0.610642929699
0.606894936856
0.603065658111
0.599155756146
0.595165904207
0.591096785991
0.586949095536
0.582723537105
0.578420825072
0.574041683803
0.569586847543
0.565057060293
0.560453075694
0.555775656899
0.551025576457
0.546203616187
0.541310567053
0.536347229037
0.531314411014
0.526212930621
0.521043614132
0.515807296324
0.510504820347
0.505137037593
0.499704807558
0.494208997716
0.488650483373
0.483030147543
0.4773488808
0.471607581146
0.465807153873
0.459948511418
0.454032573228
0.448060265617
0.442032521621
0.435950280861
0.429814489395
0.423626099573
0.417386069897
0.411095364871
0.404754954856
0.398365815925
0.391928929711
0.385445283265
0.378915868902
0.372341684053
0.36572373112
0.359063017318
0.352360554531
0.345617359157
0.338834451959
0.33201285791
0.325153606045
0.318257729303
0.311326264378
0.304360251565
0.297360734606
0.290328760533
0.283265379521
0.276171644726
0.269048612134
0.261897340408
0.254718890728
0.247514326641
0.240284713904
0.233031120326
0.225754615617
0.21845627123
0.211137160206
0.203798357019
0.19644093742
0.189065978282
0.181674557444
0.174267753556
0.166846645927
0.159412314364
0.151965839021
0.144508300244
0.137040778417
0.129564353805
0.122080106402
0.114589115779
0.107092460926
0.099591220103
0.092086470685
0.084579289008
0.077070750222
0.069561928134
0.062053895058
0.054547721665
0.047044476833
0.039545227496
0.032051038494
0.024562972423
0.017082089491
0.009609447365
0.002146101026
-0.005306897378
-0.012748498676
-0.020177656826
-0.027593329051
-0.034994475992
-0.042380061844
-0.049749054504
-0.05710042571
-0.064433151185
-0.071746210773
-0.079038588584
-0.086309273132
-0.093557257467
-0.100781539322
-0.107981121241
-0.115155010721
-0.122302220339
-0.129421767896
-0.136512676538
-0.143573974899
-0.150604697224
-0.157603883501
-0.164570579592
-0.171503837358
-0.178402714788
-0.185266276122
-0.19209359198
-0.19888373948
-0.205635802365
-0.212348871122
-0.219022043104
-0.225654422647
-0.232245121189
-0.238793257387
-0.245297957232
-0.251758354163
-0.25817358918
-0.264542810957
-0.270865175953
-0.277139848518
-0.283366001004
-0.289542813872
-0.295669475794
-0.301745183761
-0.307769143186
-0.313740567999
-0.319658680756
-0.325522712731
-0.331331904016
-0.337085503617
-0.342782769547
-0.348422968922
-0.354005378049
-0.359529282517
-0.364993977289
-0.370398766786
-0.375742964973
-0.381025895444
-0.386246891505
-0.391405296257
-0.39650046267
-0.401531753668
-0.406498542202
-0.411400211327
-0.416236154273
-0.421005774521
-0.425708485869
-0.430343712506
-0.434910889073
-0.439409460737
-0.443838883246
-0.448198623
-0.452488157107
-0.456706973442
-0.460854570708
-0.46493045849
-0.46893415731
-0.472865198679
-0.47672312515
-0.480507490366
-0.484217859107
-0.48785380734
-0.491414922259
-0.494900802331
-0.498311057336
-0.501645308407
-0.504903188067
-0.508084340268
-0.51118842042
-0.514215095431
-0.51716404373
-0.520034955305
-0.522827531724
-0.525541486164
-0.528176543437
-0.530732440007
-0.533208924018
-0.535605755309
-0.537922705432
-0.540159557669
-0.542316107044
-0.54439216034
-0.546387536105
-0.548302064663
-0.550135588122
-0.551887960379
-0.553559047124
-0.555148725843
-0.556656885818
-0.558083428126
-0.559428265637
-0.560691323007
-0.561872536676
-0.562971854858
-0.563989237532
-0.564924656429
-0.565778095022
-0.566549548512
-0.567239023808
-0.567846539513
-0.568372125905
-0.56881582491
-0.56917769009
-0.569457786607
-0.569656191205
-0.569772992183
-0.569808289357
-0.569762194042
-0.569634829008
-0.569426328455
-0.56913683797
-0.568766514499
-0.568315526297
-0.567784052899
-0.56717228507
-0.566480424767
-0.565708685092
-0.564857290245
-0.563926475476
-0.562916487039
-0.561827582138
-0.560660028875
-0.559414106196
-0.558090103837
-0.556688322268
-0.55520907263
-0.553652676682
-0.552019466734
-0.550309785589
-0.548523986475
-0.546662432985
-0.544725499005
-0.542713568647
-0.540627036184
-0.538466305972
-0.536231792386
-0.533923919737
-0.531543122208
-0.529089843769
-0.526564538104
-0.523967668532
-0.521299707926
-0.518561138633
-0.515752452389
-0.512874150241
-0.509926742456
-0.506910748438
-0.503826696642
-0.500675124481
-0.497456578244
-0.494171612996
-0.490820792495
-0.487404689093
-0.483923883647
-0.480378965417
-0.476770531978
-0.473099189117
-0.469365550737
-0.465570238758
-0.461713883016
-0.457797121163
-0.453820598562
-0.449784968186
-0.445690890516
-0.441539033432
-0.437330072108
-0.433064688908
-0.428743573274
-0.424367421622
-0.419936937229
-0.415452830125
-0.410915816981
-0.406326620997
-0.401685971789
-0.39699460528
-0.392253263579
-0.387462694871
-0.3826236533
-0.377736898854
-0.372803197246
-0.367823319799
-0.362798043326
-0.357728150011
-0.352614427292
-0.34745766774
-0.342258668937
-0.337018233356
-0.331737168242
-0.326416285484
-0.321056401499
-0.315658337105
-0.310222917399
-0.304750971632
-0.299243333087
-0.293700838951
-0.288124330192
-0.282514651434
-0.276872650829
-0.271199179934
-0.265495093582
-0.259761249756
-0.253998509461
-0.248207736601
-0.242389797846
-0.236545562508
-0.230675902411
-0.224781691764
-0.218863807033
-0.212923126814
-0.206960531699
-0.200976904156
-0.194973128392
-0.188950090229
-0.182908676975
-0.176849777295
-0.170774281079
-0.164683079318
-0.158577063973
-0.152457127846
-0.14632416445
-0.140179067886
-0.134022732707
-0.127856053796
-0.121679926232
-0.115495245169
-0.109302905701
-0.103103802739
-0.096898830882
-0.090688884288
-0.084474856551
-0.078257640571
-0.072038128428
-0.065817211257
-0.059595779121
-0.053374720886
-0.047154924096
-0.040937274848
-0.034722657667
-0.028511955382
-0.022306049004
-0.016105817601
-0.009912138177
-0.003725885547
0.002452067782
0.008620851734
0.014779598782
0.020927444074
0.027063525544
0.033186984041
0.039296963439
0.04539261076
0.051473076288
0.057537513689
0.063585080124
0.069614936367
0.075626246917
0.081618180113
0.087589908249
0.093540607683
0.099469458952
0.105375646882
0.111258360696
0.117116794127
0.122950145526
0.128757617967
0.134538419357
0.14029176254
0.146016865405
0.151712950989
0.157379247578
0.163014988816
0.168619413799
0.174191767182
0.179731299276
0.185237266148
0.190708929718
0.196145557857
0.201546424483
0.206910809654
0.212237999664
0.217527287138
0.222777971118
0.22798935716
0.23316075742
0.238291490745
0.243380882759
0.248428265951
0.253432979757
0.258394370652
0.263311792226
0.268184605266
0.273012177844
0.27779388539
0.282529110774
0.28721724438
0.291857684188
0.296449835844
0.300993112737
0.305486936069
0.309930734928
0.31432394636
0.318666015434
0.322956395313
0.32719454732
0.331379941002
0.335512054194
0.339590373084
0.343614392272
0.347583614829
0.351497552362
0.355355725064
0.359157661775
0.362902900035
0.366590986137
0.370221475183
0.37379393113
0.377307926843
0.380763044143
0.38415887385
0.387495015834
0.390771079057
0.393986681615
0.39714145078
0.400235023041
0.403267044141
0.406237169116
0.40914506233
0.41199039751
0.41477285778
0.417492135691
0.420147933252
0.422739961961
0.42526794283
0.427731606412
0.430130692827
0.432464951784
0.434734142604
0.436938034241
0.439076405298
0.44114904405
0.443155748457
0.445096326179
0.446970594592
0.448778380797
0.450519521632
0.452193863684
0.453801263292
0.45534158656
0.456814709355
0.458220517315
0.459558905853
0.460829780153
0.462033055174
0.463168655644
0.464236516063
0.465236580691
0.466168803547
0.467033148402
0.467829588766
0.468558107882
0.469218698712
0.469811363925
0.470336115884
0.470792976627
0.471181977856
0.47150316091
0.471756576755
0.471942285955
0.472060358654
0.472110874551
0.472093922875
0.472009602361
0.471858021217
0.4716392971
0.471353557084
0.471000937626
0.47058158454
0.470095652955
0.469543307282
0.468924721181
0.468240077518
0.46748956833
0.46667339478
0.46579176712
0.464844904642
0.463833035642
0.462756397368
0.461615235973
0.460409806474
0.459140372695
0.457807207221
0.456410591348
0.454950815024
0.453428176803
0.451842983786
0.450195551563
0.448486204162
0.446715273985
0.44488310175
0.442990036432
0.441036435202
0.439022663359
0.436949094275
0.434816109321
0.432624097808
0.430373456916
0.428064591628
0.425697914661
0.423273846395
0.420792814804
0.418255255381
0.415661611068
0.413012332181
0.410307876334
0.407548708365
0.404735300261
0.401868131074
0.39894768685
0.395974460546
0.392948951948
0.389871667593
0.386743120689
0.383563831024
0.380334324892
0.377055135002
0.373726800396
0.370349866361
0.366924884346
0.363452411868
0.35993301243
0.356367255429
0.352755716068
0.349098975261
0.34539761955
0.341652241005
0.337863437137
0.334031810803
0.330157970111
0.326242528329
0.322286103787
0.318289319784
0.314252804489
0.310177190848
0.306063116482
0.301911223596
0.297722158873
0.293496573383
0.289235122477
0.284938465691
0.280607266646
0.276242192948
0.271843916082
0.267413111318
0.262950457603
0.258456637462
0.253932336896
0.249378245276
0.244795055243
0.240183462602
0.235544166221
0.230877867923
0.226185272385
0.221467087032
0.216724021932
0.211956789691
0.207166105348
0.202352686268
0.197517252039
0.192660524363
0.187783226953
0.182886085424
0.177969827187
0.173035181347
0.16808287859
0.16311365108
0.158128232353
0.153127357208
0.148111761603
0.143082182545
0.138039357985
0.132984026714
0.127916928252
0.122838802741
0.117750390844
0.112652433634
0.107545672488
0.102430848981
0.097308704783
0.092179981547
0.087045420808
0.081905763876
0.07676175173
0.071614124912
0.066463623425
0.061310986623
0.056156953112
0.051002260642
0.045847646003
0.040693844924
0.035541591966
0.030391620421
0.025244662208
0.020101447772
0.01496270598
0.009829164019
0.004701547299
-0.000419420655
-0.005533018298
-0.010638526168
-0.015735226985
-0.020822405749
-0.025899349841
-0.030965349121
-0.036019696024
-0.041061685659
-0.046090615905
-0.051105787507
-0.056106504174
-0.061092072672
-0.066061802917
-0.071015008074
-0.075951004647
-0.080869112569
-0.085768655303
-0.090648959923
-0.095509357212
-0.100349181752
-0.105167772008
-0.109964470424
-0.114738623505
-0.11948958191
-0.124216700535
-0.128919338599
-0.133596859731
-0.138248632056
-0.142874028274
-0.147472425747
-0.152043206581
-0.156585757703
-0.16109947095
-0.16558374314
-0.170037976157
-0.174461577025
-0.17885395799
-0.183214536591
-0.187542735741
-0.191837983798
-0.196099714639
-0.200327367735
-0.204520388221
-0.20867822697
-0.212800340659
-0.216886191842
-0.220935249014
-0.224946986686
-0.228920885443
-0.232856432014
-0.236753119336
-0.240610446617
-0.244427919398
-0.248205049617
-0.251941355666
-0.255636362452
-0.259289601459
-0.262900610798
-0.266468935271
-0.269994126421
-0.273475742592
-0.276913348974
-0.280306517665
-0.283654827715
-0.286957865178
-0.290215223164
-0.293426501884
-0.296591308696
-0.299709258155
-0.302779972053
-0.305803079468
-0.308778216799
-0.311705027817
-0.314583163696
-0.31741228306
-0.320192052014
-0.322922144189
-0.325602240769
-0.328232030532
-0.330811209884
-0.333339482885
-0.335816561287
-0.338242164563
-0.340616019931
-0.342937862389
-0.345207434736
-0.347424487602
-0.349588779468
-0.351700076694
-0.353758153537
-0.355762792174
-0.357713782722
-0.359610923255
-0.361454019824
-0.36324288647
-0.364977345244
-0.366657226213
-0.368282367484
-0.369852615204
-0.371367823578
-0.372827854877
-0.374232579445
-0.375581875704
-0.376875630166
-0.37811373743
-0.379296100192
-0.380422629244
-0.381493243474
-0.382507869871
-0.383466443519
-0.384368907595
-0.385215213369
-0.386005320197
-0.386739195515
-0.387416814833
-0.388038161728
-0.38860322783
-0.389112012819
-0.389564524408
-0.389960778332
-0.390300798336
-0.390584616157
-0.390812271511
-0.390983812073
-0.391099293463
-0.391158779221
-0.391162340794
-0.391110057508
-0.391002016546
-0.390838312929
-0.390619049488
-0.390344336838
-0.390014293351
-0.38962904513
-0.389188725978
-0.388693477368
-0.388143448413
-0.387538795834
-0.386879683925
-0.386166284519
-0.385398776955
-0.38457734804
-0.38370219201
-0.382773510496
-0.38179151248
-0.380756414258
-0.379668439396
-0.378527818692
-0.377334790126
-0.376089598824
-0.374792497004
-0.373443743938
-0.3720436059
-0.370592356119
-0.36909027473
-0.367537648725
-0.365934771902
-0.364281944813
-0.362579474711
-0.360827675497
-0.359026867666
-0.357177378253
-0.355279540774
-0.35333369517
-0.351340187752
-0.349299371139
-0.347211604203
-0.345077252001
-0.342896685724
-0.340670282628
-0.338398425973
-0.336081504962
-0.333719914676
-0.331314056006
-0.328864335594
-0.32637116576
-0.323834964439
-0.321256155111
-0.318635166737
-0.315972433683
-0.313268395656
-0.310523497633
-0.307738189787
-0.304912927417
-0.302048170876
-0.299144385498
-0.296202041524
-0.293221614027
-0.290203582841
-0.287148432481
-0.28405665207
-0.280928735261
-0.277765180162
-0.274566489256
-0.271333169326
-0.268065731374
-0.264764690544
-0.261430566039
-0.258063881047
-0.254665162655
-0.251234941772
-0.247773753043
-0.244282134775
-0.240760628848
-0.237209780634
-0.233630138917
-0.230022255808
-0.22638668666
-0.222723989987
-0.219034727376
-0.215319463409
-0.211578765568
-0.20781320416
-0.204023352226
-0.200209785456
-0.196373082105
-0.192513822902
-0.188632590972
-0.184729971739
-0.180806552848
-0.176862924073
-0.172899677232
-0.168917406096
-0.164916706308
-0.160898175289
-0.156862412153
-0.152810017619
-0.148741593921
-0.144657744725
-0.140559075035
-0.136446191106
-0.132319700359
-0.128180211289
-0.124028333378
-0.119864677007
-0.115689853366
-0.111504474367
-0.107309152557
-0.103104501026
-0.09889113332
-0.094669663356
-0.090440705329
-0.086204873628
-0.081962782744
-0.077715047186
-0.07346228139
-0.069205099636
-0.064944115953
-0.06067994404
-0.056413197174
-0.052144488122
-0.04787442906
-0.04360363148
-0.039332706107
-0.035062262813
-0.030792910531
-0.026525257168
-0.022259909521
-0.017997473191
-0.0137385525
-0.009483750404
-0.005233668413
-0.000988906501
0.003249936971
0.007482265343
0.011707483736
0.015924999136
0.020134220473
0.024334558708
0.028525426908
0.032706240331
0.036876416506
0.041035375311
0.045182539053
0.049317332549
0.053439183201
0.057547521078
0.061641778991
0.065721392569
0.069785800339
0.073834443801
0.077866767501
0.081882219107
0.085880249486
0.089860312775
0.093821866456
0.097764371425
0.101687292071
0.105590096339
0.109472255809
0.113333245759
0.117172545242
0.120989637148
0.124784008276
0.128555149402
0.132302555344
0.13602572503
0.139724161564
0.143397372289
0.147044868852
0.150666167268
0.154260787985
0.157828255941
0.16136810063
0.16487985616
0.168363061316
0.171817259613
0.175241999363
0.178636833725
0.182001320767
0.185335023519
0.188637510028
0.191908353418
0.195147131935
0.198353429007
0.201526833292
0.204666938734
0.207773344605
0.210845655565
0.213883481702
0.216886438584
0.219854147308
0.22278623454
0.225682332567
0.228542079337
0.231365118505
0.234151099473
0.236899677437
0.239610513421
0.242283274323
0.24491763295
0.247513268062
0.250069864401
0.252587112734
0.255064709886
0.257502358777
0.259899768451
0.262256654113
0.26457273716
0.266847745211
0.269081412137
0.271273478091
0.273423689535
0.275531799269
0.277597566455
0.279620756644
0.281601141798
0.283538500319
0.285432617063
0.287283283369
0.289090297075
0.29085346254
0.292572590662
0.294247498895
0.295878011266
0.297463958391
0.29900517749
0.3005015124
0.301952813587
0.303358938163
0.304719749889
0.306035119192
0.307304923169
0.308529045598
0.309707376944
0.310839814365
0.311926261718
0.312966629562
0.313960835161
0.314908802489
0.315810462226
0.316665751764
0.317474615204
0.318237003353
0.318952873723
0.319622190528
0.320244924678
0.320821053775
0.321350562105
0.321833440632
0.32226968699
0.322659305474
0.323002307028
0.323298709235
0.323548536305
0.323751819063
0.323908594934
0.324018907929
0.324082808628
0.324100354165
0.324071608209
0.323996640948
0.323875529067
0.323708355729
0.323495210553
0.323236189593
0.322931395316
0.322580936575
0.322184928589
0.321743492912
0.321256757411
0.320724856238
0.320147929799
0.319526124728
0.318859593856
0.318148496182
0.317392996839
0.316593267061
0.315749484156
0.314861831462
0.313930498323
0.312955680045
0.311937577865
0.310876398909
0.309772356159
0.308625668411
0.307436560236
0.306205261942
0.304932009528
0.303617044648
0.302260614564
0.300862972104
0.29942437562
0.29794508894
0.296425381325
0.294865527421
0.293265807214
0.291626505979
0.289947914238
0.288230327703
0.286474047234
0.284679378783
0.282846633346
0.28097612691
0.279068180403
0.277123119637
0.27514127526
0.273122982697
0.271068582098
0.268978418282
0.26685284068
0.264692203281
0.262496864574
0.260267187487
0.258003539336
0.255706291759
0.25337582066
0.251012506152
0.24861673249
0.246188888017
0.243729365099
0.241238560063
0.238716873139
0.236164708389
0.233582473654
0.230970580483
0.228329444071
0.225659483196
0.222961120152
0.220234780686
0.21748089393
0.214699892335
0.211892211608
0.209058290639
0.206198571441
0.203313499076
0.200403521591
0.197469089949
0.19451065796
0.191528682211
0.188523622001
0.185495939265
0.182446098511
0.179374566746
0.176281813407
0.173168310289
0.170034531478
0.166880953276
0.16370805413
0.160516314567
0.157306217112
0.154078246226
0.150832888226
0.147570631222
0.144291965034
0.140997381129
0.137687372544
0.134362433813
0.131023060896
0.127669751106
0.124303003035
0.120923316481
0.117531192378
0.114127132716
0.110711640477
0.107285219555
0.103848374683
0.100401611365
0.096945435796
0.093480354794
0.090006875724
0.086525506427
0.083036755142
0.079541130441
0.076039141147
0.072531296267
0.069018104917
0.06550007625
0.061977719382
0.058451543321
0.054922056892
0.051389768668
0.047855186894
0.044318819419
0.04078117362
0.037242756333
0.033704073781
0.030165631502
0.026627934277
0.023091486062
0.019556789914
0.016024347922
0.012494661135
0.008968229496
0.005445551769
0.001927125468
-0.001586553207
-0.005094989446
-0.008597689889
-0.012094162703
-0.015583917644
-0.019066466127
-0.022541321296
-0.026007998084
-0.029466013286
-0.032914885624
-0.036354135811
-0.039783286619
-0.043201862941
-0.04660939186
-0.05000540271
-0.053389427141
-0.056760999183
-0.06011965531
-0.063464934498
-0.066796378296
-0.070113530877
-0.07341593911
-0.07670315261
-0.07997472381
-0.08323020801
-0.086469163445
-0.089691151338
-0.09289573596
-0.096082484691
-0.099250968073
-0.102400759868
-0.105531437116
-0.108642580189
-0.111733772847
-0.114804602291
-0.117854659219
-0.120883537879
-0.123890836121
-0.12687615545
-0.129839101077
-0.132779281972
-0.13569631091
-0.138589804527
-0.141459383365
-0.144304671919
-0.147125298693
-0.149920896236
-0.152691101198
-0.155435554372
-0.158153900741
-0.160845789519
-0.163510874199
-0.166148812595
-0.168759266886
-0.171341903656
-0.173896393933
-0.176422413238
-0.178919641615
-0.181387763677
-0.183826468642
-0.18623545037
-0.188614407403
-0.190963042998
-0.193281065165
-0.195568186699
-0.197824125219
-0.200048603197
-0.202241347993
-0.204402091885
-0.206530572103
-0.208626530856
-0.210689715366
-0.212719877892
-0.214716775763
-0.216680171401
-0.21860983235
-0.220505531304
-0.222367046126
-0.22419415988
-0.225986660846
-0.227744342551
-0.229467003787
-0.23115444863
-0.232806486465
-0.234422932004
-0.236003605302
-0.237548331781
-0.239056942241
-0.240529272879
-0.241965165308
-0.243364466565
-0.244727029132
-0.246052710943
-0.247341375404
-0.248592891395
-0.249807133292
-0.250983980966
-0.252123319801
-0.253225040698
-0.254289040084
-0.255315219919
-0.256303487701
-0.257253756474
-0.258165944828
-0.259039976907
-0.25987578241
-0.260673296594
-0.261432460272
-0.26215321982
-0.262835527169
-0.263479339812
-0.264084620793
-0.264651338714
-0.265179467724
-0.265668987519
-0.266119883333
-0.266532145939
-0.266905771635
-0.26724076224
-0.267537125088
-0.267794873013
-0.268014024348
-0.268194602905
-0.268336637971
-0.268440164293
-0.268505222065
-0.268531856916
-0.268520119894
-0.268470067453
-0.268381761434
-0.268255269052
-0.268090662879
-0.267888020821
-0.267647426104
-0.267368967253
-0.267052738072
-0.266698837623
-0.266307370204
-0.265878445328
-0.265412177696
-0.26490868718
-0.264368098791
-0.263790542659
-0.263176154006
-0.262525073119
-0.261837445321
-0.261113420946
-0.260353155308
-0.259556808676
-0.258724546237
-0.257856538071
-0.256952959119
-0.256013989148
-0.255039812722
-0.254030619167
-0.252986602537
-0.251907961582
-0.250794899709
-0.249647624949
-0.24846634992
-0.247251291789
-0.246002672239
-0.244720717425
-0.243405657936
-0.242057728762
-0.240677169248
-0.239264223053
-0.237819138115
-0.236342166604
-0.234833564883
-0.233293593464
-0.231722516964
-0.230120604064
-0.228488127463
-0.226825363835
-0.22513259378
-0.223410101784
-0.221658176166
-0.21987710904
-0.218067196259
-0.216228737372
-0.214362035578
-0.212467397673
-0.210545134003
-0.208595558415
-0.206618988207
-0.204615744076
-0.202586150073
-0.200530533543
-0.198449225081
-0.196342558479
-0.19421087067
-0.192054501679
-0.189873794568
-0.187669095386
-0.185440753109
-0.183189119594
-0.180914549519
-0.178617400329
-0.176298032182
-0.173956807897
-0.17159409289
-0.169210255127
-0.166805665063
-0.164380695587
-0.161935721962
-0.159471121776
-0.156987274876
-0.154484563316
-0.151963371295
-0.149424085106
-0.14686709307
-0.144292785483
-0.141701554554
-0.139093794351
-0.136469900735
-0.133830271309
-0.131175305351
-0.128505403762
-0.125820969
-0.123122405025
-0.120410117235
-0.117684512411
-0.114945998654
-0.112194985323
-0.109431882978
-0.106657103321
-0.10387105913
-0.101074164204
-0.098266833298
-0.095449482067
-0.092622527002
-0.089786385371
-0.086941475157
-0.084088214998
-0.081227024126
-0.07835832231
-0.075482529786
-0.072600067208
-0.069711355579
-0.066816816192
-0.063916870574
-0.061011940418
-0.05810244753
-0.055188813763
-0.052271460959
-0.049350810891
-0.046427285197
-0.043501305326
-0.040573292476
-0.037643667533
-0.034712851012
-0.031781262998
-0.028849323087
-0.025917450325
-0.022986063153
-0.020055579342
-0.01712641594
-0.014198989209
-0.011273714572
-0.008351006548
-0.0054312787
-0.002514943575
0.000397587352
0.00330590374
0.006209596432
0.009108257516
0.012001480382
0.014888859775
0.017769991854
0.020644474245
0.0235119061
0.026371888147
0.029224022749
0.032067913956
0.034903167561
0.037729391153
0.040546194169
0.043353187949
0.046149985787
0.048936202988
0.051711456912
0.054475367034
0.05722755499
0.059967644629
0.062695262065
0.065410035726
0.068111596404
0.070799577303
0.073473614091
0.076133344947
0.078778410606
0.081408454411
0.08402312236
0.086622063149
0.089204928221
0.091771371814
0.094321050999
0.096853625735
0.099368758904
0.101866116362
0.104345366978
0.106806182678
0.109248238489
0.11167121258
0.114074786304
0.116458644237
0.118822474219
0.121165967398
0.123488818263
0.125790724687
0.128071387965
0.130330512849
0.132567807588
0.134782983966
0.136975757332
0.139145846642
0.141292974491
0.143416867148
0.145517254589
0.147593870531
0.149646452466
0.151674741689
0.153678483335
0.155657426406
0.157611323801
0.15953993235
0.161443012837
0.163320330034
0.165171652725
0.166996753738
0.168795409964
0.17056740239
0.172312516124
0.174030540413
0.175721268676
0.177384498522
0.179020031775
0.180627674495
0.182207236999
0.183758533887
0.185281384056
0.186775610722
0.188241041442
0.189677508128
0.191084847066
0.192462898935
0.193811508823
0.195130526241
0.196419805138
0.19767920392
0.198908585459
0.200107817106
0.201276770708
0.202415322616
0.203523353698
0.204600749348
0.205647399498
0.206663198627
0.207648045766
0.208601844511
0.209524503026
0.210415934054
0.211276054918
0.21210478753
0.212902058394
0.213667798609
0.214401943876
0.215104434495
0.215775215373
0.21641423602
0.217021450554
0.217596817697
0.218140300777
0.218651867726
0.219131491079
0.219579147968
0.219994820122
0.220378493863
0.220730160099
0.221049814322
0.221337456597
0.221593091562
0.221816728416
0.222008380913
0.222168067353
0.222295810573
0.222391637939
0.222455581332
0.22248767714
0.222487966245
0.222456494011
0.222393310272
0.222298469318
0.22217202988
0.222014055115
0.221824612594
0.221603774282
0.221351616523
0.221068220024
0.220753669836
0.220408055334
0.220031470203
0.219624012414
0.219185784204
0.218716892059
0.218217446689
0.217687563008
0.217127360111
0.21653696125
0.215916493814
0.2152660893
0.214585883294
0.213876015439
0.213136629416
0.212367872913
0.211569897601
0.210742859105
0.209886916976
0.209002234664
0.20808897949
0.207147322612
0.206177439001
0.205179507405
0.204153710322
0.203100233969
0.202019268246
0.200911006706
0.199775646525
0.198613388463
0.197424436836
0.196208999475
0.1949672877
0.193699516276
0.192405903384
0.191086670581
0.189742042767
0.188372248143
0.186977518181
0.185558087579
0.184114194226
0.182646079166
0.181153986554
0.179638163622
0.178098860634
0.17653633085
0.174950830484
0.173342618664
0.171711957388
0.170059111487
0.168384348581
0.166687939035
0.164970155919
0.163231274964
0.16147157452
0.159691335511
0.157890841392
0.156070378105
0.154230234035
0.152370699963
0.150492069025
0.148594636664
0.146678700584
0.144744560707
0.142792519125
0.140822880054
0.138835949789
0.136832036654
0.134811450959
0.132774504951
0.130721512765
0.128652790381
0.12656865557
0.124469427853
0.122355428448
0.120226980222
0.118084407645
0.11592803674
0.113758195034
0.11157521151
0.109379416557
0.107171141921
0.104950720657
0.102718487076
0.100474776702
0.098219926214
0.095954273404
0.093678157123
0.09139191723
0.089095894547
0.086790430804
0.084475868591
0.082152551309
0.079820823118
0.077481028887
0.075133514145
0.072778625028
0.070416708232
0.068048110962
0.06567318088
0.063292266056
0.060905714916
0.058513876196
0.056117098887
0.053715732187
0.051310125452
0.048900628142
0.046487589777
0.04407135988
0.041652287932
0.039230723323
0.036807015296
0.034381512905
0.03195456496
0.029526519979
0.027097726141
0.024668531233
0.022239282604
0.019810327114
0.017382011087
0.014954680259
0.012528679735
0.010104353935
0.00768204655
0.005262100491
0.002844857842
0.000430659815
-0.001980153303
-0.004387242191
-0.006790268546
-0.009188895126
-0.011582785801
-0.013971605595
-0.016355020735
-0.018732698695
-0.021104308244
-0.023469519488
-0.025828003921
-0.028179434464
-0.03052348551
-0.032859832973
-0.03518815433
-0.03750812866
-0.039819436697
-0.042121760865
-0.044414785323
-0.04669819601
-0.048971680685
-0.051234928972
-0.053487632395
-0.055729484428
-0.057960180529
-0.060179418184
-0.062386896947
-0.064582318478
-0.066765386587
-0.068935807268
-0.07109328874
-0.073237541488
-0.075368278295
-0.077485214288
-0.079588066967
-0.081676556247
-0.083750404494
-0.08580933656
-0.087853079818
-0.089881364201
-0.091893922231
-0.093890489059
-0.095870802497
-0.09783460305
-0.099781633953
-0.101711641199
-0.103624373576
-0.105519582694
-0.107397023021
-0.109256451913
-0.111097629642
-0.112920319427
-0.114724287466
-0.116509302962
-0.118275138154
-0.120021568344
-0.121748371924
-0.123455330405
-0.125142228443
-0.126808853865
-0.128454997693
-0.130080454175
-0.131685020802
-0.133268498338
-0.134830690843
-0.136371405694
-0.137890453607
-0.139387648666
-0.140862808335
-0.142315753488
-0.143746308424
-0.14515430089
-0.146539562098
-0.147901926747
-0.149241233043
-0.15055732271
-0.151850041015
-0.153119236783
-0.154364762411
-0.155586473885
-0.156784230799
-0.157957896365
-0.159107337429
-0.160232424486
-0.161333031694
-0.162409036882
-0.163460321568
-0.164486770967
-0.165488274004
-0.166464723322
-0.167416015296
-0.168342050038
-0.169242731411
-0.170117967031
-0.170967668282
-0.171791750316
-0.172590132066
-0.173362736249
-0.174109489371
-0.174830321735
-0.175525167442
-0.176193964399
-0.176836654317
-0.17745318272
-0.178043498943
-0.178607556136
-0.179145311263
-0.179656725106
-0.180141762262
-0.180600391145
-0.181032583982
-0.181438316815
-0.181817569498
-0.182170325693
-0.182496572867
-0.182796302291
-0.183069509033
-0.183316191953
-0.183536353702
-0.18373000071
-0.183897143185
-0.184037795104
-0.184151974203
-0.184239701976
-0.184301003659
-0.184335908226
-0.184344448377
-0.18432666053
-0.184282584808
-0.184212265031
-0.184115748702
-0.183993086995
-0.183844334745
-0.183669550433
-0.183468796171
-0.183242137691
-0.18298964433
-0.182711389011
-0.182407448233
-0.182077902053
-0.181722834067
-0.181342331396
-0.180936484667
-0.180505387996
-0.180049138969
-0.179567838624
-0.17906159143
-0.178530505268
-0.177974691412
-0.177394264506
-0.176789342544
-0.176160046849
-0.175506502049
-0.174828836058
-0.174127180048
-0.173401668431
-0.172652438831
-0.171879632061
-0.1710833921
-0.170263866066
-0.169421204191
-0.168555559796
-0.167667089263
-0.166755952009
-0.165822310462
-0.164866330026
-0.163888179062
-0.162888028853
-0.16186605358
-0.160822430289
-0.159757338865
-0.158670962
-0.157563485164
-0.156435096575
-0.155285987166
-0.154116350557
-0.152926383021
-0.151716283453
-0.15048625334
-0.149236496723
-0.14796722017
-0.146678632742
-0.145370945954
-0.14404437375
-0.142699132462
-0.141335440778
-0.13995351971
-0.138553592555
-0.137135884862
-0.135700624395
-0.134248041102
-0.132778367072
-0.131291836504
-0.12978868567
-0.128269152875
-0.126733478424
-0.125181904583
-0.123614675542
-0.122032037376
-0.12043423801
-0.11882152718
-0.11719415639
-0.115552378883
-0.113896449594
-0.112226625115
-0.110543163655
-0.108846325001
-0.107136370481
-0.105413562919
-0.1036781666
-0.101930447229
-0.100170671892
-0.098399109012
-0.096616028314
-0.09482170078
-0.093016398613
-0.091200395193
-0.089373965036
-0.087537383758
-0.085690928026
-0.083834875527
-0.081969504917
-0.080095095786
-0.078211928616
-0.076320284738
-0.074420446292
-0.072512696184
-0.070597318046
-0.068674596196
-0.06674481559
-0.06480826179
-0.062865220914
-0.060915979597
-0.058960824954
-0.057000044529
-0.055033926264
-0.053062758446
-0.051086829678
-0.049106428824
-0.047121844979
-0.045133367421
-0.043141285569
-0.041145888945
-0.039147467132
-0.03714630973
-0.035142706315
-0.033136946402
-0.031129319397
-0.029120114562
-0.02710962097
-0.025098127466
-0.023085922625
-0.021073294711
-0.019060531638
-0.017047920929
-0.015035749671
-0.013024304484
-0.01101387147
-0.009004736181
-0.006997183576
-0.00499149798
-0.002987963047
-0.000986861717
0.001011523818
0.00300691216
0.004999022738
0.006987575852
0.008972292706
0.010952895452
0.012929107226
0.014900652183
0.016867255543
0.018828643619
0.020784543862
0.022734684894
0.024678796548
0.026616609903
0.028547857319
0.030472272478
0.032389590416
0.034299547561
0.036201881769
0.038096332355
0.039982640136
0.041860547459
0.043729798237
0.045590137987
0.04744131386
0.049283074675
0.051115170956
0.052937354961
0.054749380717
0.056551004053
0.05834198263
0.060122075976
0.061891045517
0.063648654604
0.065394668552
0.067128854663
0.068850982261
0.07056082272
0.072258149496
0.073942738153
0.075614366394
0.07727281409
0.078917863308
0.080549298339
0.082166905724
0.083770474285
0.085359795147
0.086934661769
0.088494869966
0.09004021794
0.091570506301
0.093085538093
0.094585118819
0.096069056467
0.097537161529
0.098989247032
0.100425128554
0.101844624249
0.103247554871
0.104633743794
0.106003017035
0.107355203274
0.108690133873
0.1100076429
0.111307567146
0.112589746146
0.113854022196
0.115100240374
0.116328248557
0.117537897437
0.118729040542
0.119901534251
0.121055237807
0.122190013342
0.123305725881
0.124402243366
0.125479436668
0.126537179599
0.127575348931
0.128593824402
0.129592488736
0.130571227651
0.131529929874
0.13246848715
0.133386794254
0.134284749003
0.135162252266
0.13601920797
0.136855523116
0.137671107781
0.138465875132
0.139239741431
0.139992626043
0.140724451444
0.141435143226
0.142124630105
0.142792843925
0.143439719665
0.144065195441
0.144669212516
0.145251715296
0.14581265134
0.14635197136
0.146869629225
0.14736558196
0.147839789752
0.148292215948
0.148722827057
0.14913159275
0.149518485859
0.149883482379
0.150226561463
0.150547705424
0.150846899731
0.151124133007
0.151379397026
0.151612686712
0.15182400013
0.152013338487
0.152180706125
0.152326110516
0.152449562256
0.152551075061
0.152630665758
0.152688354281
0.152724163661
0.152738120018
0.152730252559
0.152700593559
0.152649178361
0.152576045364
0.15248123601
0.152364794779
0.152226769171
0.152067209706
0.151886169899
0.151683706261
0.151459878276
0.151214748396
0.150948382024
0.1506608475
0.150352216089
0.150022561966
0.149671962203
0.149300496748
0.148908248417
0.148495302873
0.148061748612
0.147607676945
0.147133181982
0.146638360615
0.146123312497
0.145588140028
0.145032948335
0.144457845251
0.143862941299
0.14324834967
0.142614186204
0.141960569371
0.141287620247
0.140595462495
0.139884222344
0.139154028569
0.138405012463
0.137637307822
0.136851050916
0.13604638047
0.135223437641
0.134382365991
0.133523311465
0.132646422369
0.131751849341
0.130839745328
0.129910265564
0.128963567539
0.127999810978
0.127019157813
0.126021772155
0.125007820271
0.123977470556
0.122930893505
0.121868261685
0.120789749709
0.119695534208
0.118585793804
0.117460709078
0.116320462545
0.115165238622
0.113995223603
0.112810605627
0.111611574649
0.110398322409
0.109171042406
0.107929929862
0.106675181698
0.105406996499
0.104125574484
0.102831117478
0.101523828877
0.100203913618
0.098871578148
0.097527030395
0.09617047973
0.094802136941
0.093422214197
0.092030925017
0.09062848424
0.089215107987
0.087791013635
0.086356419777
0.084911546197
0.083456613829
0.08199184473
0.080517462043
0.079033689964
0.077540753712
0.07603887949
0.074528294456
0.073009226686
0.071481905142
0.069946559636
0.068403420799
0.066852720046
0.065294689538
0.063729562154
0.062157571452
0.060578951637
0.058993937526
0.057402764514
0.055805668537
0.054202886042
0.05259465395
0.050981209621
0.049362790821
0.047739635685
0.046111982686
0.044480070597
0.042844138461
0.041204425551
0.039561171339
0.03791461546
0.03626499768
0.034612557857
0.032957535912
0.031300171792
0.029640705434
0.027979376733
0.02631642551
0.024652091471
0.022986614182
0.021320233025
0.019653187174
0.017985715553
0.016318056809
0.014650449271
0.012983130924
0.01131633937
0.009650311798
0.007985284947
0.006321495079
0.004659177938
0.002998568724
0.001339902057
-0.000316588057
-0.001970668254
-0.00362210585
-0.005270668868
-0.006916126075
-0.008558247008
-0.010196802012
-0.011831562268
-0.013462299827
-0.015088787636
-0.016710799577
-0.01832811049
-0.01994049621
-0.021547733595
-0.023149600554
-0.024745876083
-0.02633634029
-0.027920774426
-0.029498960917
-0.031070683389
-0.032635726702
-0.034193876975
-0.035744921616
-0.037288649353
-0.038824850257
-0.040353315777
-0.041873838761
-0.043386213488
-0.044890235692
-0.046385702594
-0.047872412922
-0.049350166945
-0.050818766494
-0.052278014989
-0.053727717467
-0.055167680605
-0.056597712747
-0.058017623928
-0.059427225899
-0.06082633215
-0.062214757939
-0.063592320309
-0.064958838117
-0.066314132054
-0.067658024669
-0.068990340394
-0.070310905563
-0.071619548435
-0.072916099215
-0.07420039008
-0.075472255193
-0.07673153073
-0.077978054898
-0.079211667953
-0.080432212225
-0.081639532133
-0.082833474206
-0.084013887103
-0.08518062163
-0.086333530756
-0.087472469637
-0.088597295629
-0.089707868306
-0.090804049477
-0.091885703203
-0.092952695813
-0.094004895919
-0.095042174433
-0.096064404582
-0.097071461921
-0.098063224348
-0.099039572121
-0.100000387868
-0.100945556602
-0.101874965733
-0.102788505084
-0.103686066897
-0.104567545851
-0.105432839072
-0.106281846142
-0.107114469111
-0.107930612508
-0.108730183353
-0.109513091161
-0.110279247957
-0.111028568282
-0.111760969204
-0.112476370322
-0.113174693779
-0.113855864266
-0.11451980903
-0.115166457882
-0.1157957432
-0.11640759994
-0.117001965636
-0.117578780412
-0.118137986978
-0.118679530643
-0.119203359315
-0.119709423504
-0.120197676327
-0.120668073511
-0.121120573396
-0.121555136934
-0.121971727695
-0.122370311867
-0.122750858255
-0.123113338285
-0.123457726002
-0.123783998072
-0.124092133779
-0.124382115026
-0.124653926333
-0.124907554838
-0.125142990291
-0.125360225053
-0.125559254097
-0.125740075
-0.125902687941
-0.126047095701
-0.126173303654
-0.126281319763
-0.126371154579
-0.126442821232
-0.126496335428
-0.126531715442
-0.126548982109
-0.126548158822
-0.126529271524
-0.126492348698
-0.126437421361
-0.126364523057
-0.126273689847
-0.1261649603
-0.126038375486
-0.125893978965
-0.125731816776
-0.125551937431
-0.1253543919
-0.125139233603
-0.124906518396
-0.124656304566
-0.124388652809
-0.12410362623
-0.123801290318
-0.123481712944
-0.123144964342
-0.122791117096
-0.122420246128
-0.122032428684
-0.121627744318
-0.121206274878
-0.120768104493
-0.120313319553
-0.1198420087
-0.119354262806
-0.11885017496
-0.118329840451
-0.117793356752
-0.117240823502
-0.116672342488
-0.116088017629
-0.115487954957
-0.114872262601
-0.114241050763
-0.113594431707
-0.112932519734
-0.112255431167
-0.111563284326
-0.110856199516
-0.110134298998
-0.109397706978
-0.10864654958
-0.107880954825
-0.107101052617
-0.106306974712
-0.105498854705
-0.104676828004
-0.103841031808
-0.102991605086
-0.102128688557
-0.10125242466
-0.100362957541
-0.099460433021
-0.09854499858
-0.097616803328
-0.096675997984
-0.095722734855
-0.094757167806
-0.093779452238
-0.092789745067
-0.091788204696
-0.090774990991
-0.089750265255
-0.088714190205
-0.087666929947
-0.086608649949
-0.085539517013
-0.084459699257
-0.083369366081
-0.082268688144
-0.081157837341
-0.080036986771
-0.078906310715
-0.077765984606
-0.076616185007
-0.07545708958
-0.074288877058
-0.073111727224
-0.071925820879
-0.070731339815
-0.069528466789
-0.068317385495
-0.067098280537
-0.065871337401
-0.064636742427
-0.06339468278
-0.062145346425
-0.060888922097
-0.059625599274
-0.058355568147
-0.057079019593
-0.055796145149
-0.05450713698
-0.053212187852
-0.051911491105
-0.050605240622
-0.049293630805
-0.047976856539
-0.046655113173
-0.045328596482
-0.043997502647
-0.042662028218
-0.041322370094
-0.039978725488
-0.038631291901
-0.037280267091
-0.03592584905
-0.034568235969
-0.033207626213
-0.031844218293
-0.030478210832
-0.029109802546
-0.027739192206
-0.026366578615
-0.024992160578
-0.023616136874
-0.022238706227
-0.020860067279
-0.019480418561
-0.018099958462
-0.016718885208
-0.015337396826
-0.013955691121
-0.012573965646
-0.011192417677
-0.00981124418
-0.008430641788
-0.007050806771
-0.005671935011
-0.004294221971
-0.002917862669
-0.001543051654
-0.000169982975
0.001201149846
0.002570153839
0.003936836612
0.005301006379
0.00666247199
0.00802104295
0.00937652945
0.010728742394
0.012077493421
0.013422594935
0.014763860128
0.016101103005
0.017434138414
0.018762782065
0.020086850559
0.021406161412
0.022720533079
0.024029784981
0.025333737525
0.026632212134
0.027925031265
0.029212018437
0.030492998255
0.031767796429
0.033036239803
0.034298156373
0.035553375314
0.036801727001
0.038043043029
0.039277156241
0.040503900745
0.041723111939
0.042934626529
0.044138282555
0.045333919411
0.046521377861
0.047700500068
0.048871129608
0.050033111493
0.051186292192
0.052330519648
0.053465643299
0.0545915141
0.055707984537
0.056814908649
0.057912142048
0.058999541932
0.060076967111
0.061144278017
0.062201336727
0.063248006976
0.064284154181
0.065309645448
0.066324349598
0.067328137178
0.068320880476
0.069302453542
0.070272732199
0.071231594059
0.07217891854
0.073114586878
0.074038482144
0.074950489253
0.075850494986
0.076738387995
0.077614058823
0.078477399912
0.079328305619
0.080166672225
0.080992397952
0.08180538297
0.08260552941
0.083392741377
0.084166924957
0.084927988232
0.085675841288
0.086410396224
0.087131567164
0.087839270264
0.088533423723
0.089213947791
0.089880764778
0.090533799061
0.091172977092
0.091798227408
0.092409480633
0.093006669491
0.093589728809
0.094158595524
0.094713208688
0.095253509476
0.095779441191
0.096290949266
0.096787981272
0.097270486921
0.097738418071
0.098191728729
0.098630375055
0.099054315365
0.099463510134
0.099857921997
0.100237515753
0.100602258369
0.100952118977
0.101287068878
0.101607081542
0.10191213261
0.102202199893
0.102477263374
0.102737305205
0.102982309707
0.103212263373
0.103427154862
0.103626974999
0.103811716773
0.103981375339
0.104135948007
0.10427543425
0.10439983569
0.104509156103
0.104603401414
0.104682579687
0.10474670113
0.104795778082
0.104829825016
0.104848858526
0.104852897328
0.104841962251
0.104816076232
0.10477526431
0.104719553618
0.104648973377
0.104563554891
0.104463331535
0.104348338752
0.104218614041
0.104074196951
0.103915129072
0.103741454027
0.103553217461
0.103350467033
0.103133252404
0.102901625233
0.102655639158
0.102395349793
0.102120814715
0.101832093449
0.101529247465
0.101212340158
0.10088143684
0.10053660473
0.100177912937
0.099805432451
0.09941923613
0.099019398683
0.098605996664
0.098179108449
0.097738814232
0.097285196004
0.09681833754
0.096338324388
0.095845243849
0.095339184969
0.094820238514
0.094288496965
0.093744054495
0.093187006955
0.092617451862
0.092035488376
0.091441217288
0.090834741001
0.090216163517
0.089585590414
0.088943128833
0.088288887459
0.087622976503
0.086945507686
0.086256594218
0.085556350782
0.084844893513
0.084122339983
0.08338880918
0.082644421487
0.081889298669
0.081123563846
0.080347341479
0.079560757347
0.07876393853
0.077957013387
0.077140111538
0.076313363839
0.075476902367
0.074630860397
0.073775372381
0.072910573928
0.072036601781
0.071153593799
0.070261688934
0.069361027208
0.068451749696
0.067533998499
0.066607916726
0.065673648471
0.06473133879
0.063781133681
0.06282318006
0.061857625739
0.060884619406
0.059904310598
0.058916849682
0.057922387832
0.056921077005
0.055913069919
0.054898520029
0.053877581506
0.052850409213
0.051817158681
0.050777986088
0.049733048232
0.048682502513
0.047626506904
0.046565219934
0.045498800658
0.044427408637
0.043351203916
0.042270346996
0.041184998816
0.040095320723
0.039001474455
0.037903622111
0.036801926134
0.03569654928
0.034587654601
0.033475405418
0.032359965295
0.031241498023
0.030120167586
0.028996138146
0.027869574016
0.026740639634
0.025609499543
0.024476318367
0.023341260785
0.022204491508
0.021066175258
0.019926476742
0.018785560629
0.017643591527
0.016500733959
0.01535715234
0.014213010955
0.013068473932
0.011923705223
0.010778868579
0.009634127525
0.008489645341
0.007345585036
0.006202109326
0.005059380613
0.003917560958
0.002776812061
0.001637295242
0.000499171409
-0.000637398953
-0.001772255813
-0.002905239613
-0.004036191289
-0.005164952295
-0.006291364624
-0.007415270829
-0.008536514046
-0.009654938016
-0.010770387104
-0.011882706322
-0.012991741353
-0.014097338564
-0.015199345037
-0.016297608581
-0.01739197776
-0.018482301907
-0.019568431149
-0.020650216427
-0.021727509513
-0.022800163032
-0.023868030482
-0.024930966255
-0.025988825652
-0.027041464908
-0.028088741206
-0.029130512701
-0.030166638533
-0.031196978852
-0.032221394832
-0.033239748692
-0.034251903712
-0.035257724253
-0.036257075773
-0.037249824845
-0.038235839178
-0.039214987629
-0.040187140221
-0.041152168163
-0.042109943866
-0.043060340957
-0.044003234295
-0.044938499993
-0.045866015426
-0.046785659253
-0.047697311428
-0.048600853217
-0.049496167216
-0.050383137361
-0.051261648945
-0.052131588632
-0.052992844473
-0.053845305916
-0.054688863825
-0.055523410489
-0.056348839637
-0.057165046452
-0.057971927583
-0.058769381158
-0.059557306797
-0.060335605621
-0.061104180268
-0.061862934904
-0.062611775232
-0.063350608506
-0.064079343541
-0.064797890722
-0.065506162019
-0.066204070992
-0.066891532805
-0.067568464235
-0.06823478368
-0.06889041117
-0.069535268374
-0.070169278613
-0.070792366864
-0.07140445977
-0.07200548565
-0.072595374503
-0.073174058021
-0.073741469589
-0.074297544299
-0.074842218954
-0.075375432073
-0.075897123901
-0.07640723641
-0.076905713312
-0.077392500057
-0.077867543843
-0.078330793619
-0.078782200092
-0.079221715728
-0.079649294761
-0.08006489319
-0.080468468793
-0.080859981119
-0.0812393915
-0.08160666305
-0.081961760668
-0.082304651042
-0.08263530265
-0.082953685762
-0.08325977244
-0.083553536544
-0.08383495373
-0.084104001449
-0.084360658952
-0.084604907288
-0.084836729305
-0.085056109648
-0.085263034762
-0.085457492886
-0.08563947406
-0.085808970115
-0.08596597468
-0.086110483173
-0.086242492804
-0.086362002571
-0.086469013257
-0.08656352743
-0.086645549436
-0.086715085401
-0.086772143221
-0.086816732566
-0.086848864868
-0.086868553325
-0.086875812889
-0.086870660267
-0.086853113914
-0.086823194027
-0.086780922542
-0.086726323124
-0.086659421168
-0.086580243786
-0.086488819805
-0.086385179758
-0.086269355879
-0.086141382097
-0.086001294023
-0.08584912895
-0.085684925841
-0.085508725321
-0.08532056967
-0.085120502814
-0.084908570318
-0.084684819374
-0.084449298796
-0.084202059005
-0.083943152027
-0.083672631477
-0.083390552551
-0.083096972017
-0.082791948204
-0.082475540991
-0.082147811797
-0.081808823569
-0.081458640771
-0.081097329375
-0.080724956844
-0.080341592127
-0.079947305643
-0.079542169268
-0.079126256326
-0.078699641574
-0.07826240119
-0.07781461276
-0.077356355266
-0.076887709071
-0.076408755905
-0.075919578855
-0.075420262347
-0.074910892135
-0.074391555286
-0.073862340165
-0.073323336421
-0.072774634971
-0.07221632799
-0.07164850889
-0.071071272307
-0.070484714089
-0.069888931276
-0.069284022085
-0.0686700859
-0.068047223246
-0.067415535784
-0.066775126287
-0.066126098626
-0.065468557756
-0.064802609695
-0.064128361512
-0.063445921307
-0.062755398194
-0.062056902288
-0.061350544682
-0.060636437435
-0.059914693551
-0.059185426962
-0.058448752514
-0.057704785944
-0.056953643865
-0.05619544375
-0.05543030391
-0.054658343478
-0.05387968239
-0.053094441369
-0.052302741904
-0.051504706232
-0.050700457321
-0.04989011885
-0.049073815191
-0.048251671389
-0.047423813146
-0.046590366798
-0.045751459301
-0.044907218208
-0.04405777165
-0.04320324832
-0.042343777452
-0.041479488801
-0.040610512624
-0.039736979664
-0.038859021124
-0.037976768655
-0.037090354329
-0.036199910629
-0.035305570418
-0.034407466931
-0.033505733747
-0.032600504772
-0.031691914222
-0.0307800966
-0.029865186678
-0.028947319478
-0.028026630248
-0.02710325445
-0.026177327734
-0.02524898592
-0.024318364981
-0.023385601018
-0.022450830248
-0.021514188975
-0.020575813581
-0.019635840495
-0.018694406183
-0.017751647125
-0.016807699794
-0.015862700637
-0.014916786058
-0.013970092397
-0.013022755909
-0.012074912748
-0.011126698945
-0.010178250389
-0.009229702811
-0.00828119176
-0.007332852587
-0.006384820425
-0.005437230171
-0.004490216466
-0.003543913677
-0.002598455875
-0.001653976824
-0.000710609953
0.000231511658
0.001172255293
0.002111488627
0.003049079736
0.00398489712
0.00491880972
0.005850686937
0.006780398647
0.007707815221
0.008632807545
0.009555247033
0.010475005648
0.011391955919
0.012305970956
0.013216924471
0.014124690794
0.015029144886
0.015930162362
0.016827619506
0.017721393284
0.018611361365
0.019497402136
0.020379394718
0.021257218983
0.022130755568
0.022999885895
0.023864492182
0.024724457461
0.025579665595
0.026430001292
0.027275350118
0.028115598516
0.028950633818
0.029780344263
0.030604619008
0.031423348145
0.032236422713
0.033043734716
0.033845177134
0.034640643937
0.035430030099
0.036213231615
0.036990145507
0.037760669845
0.038524703755
0.039282147434
0.040032902162
0.040776870315
0.041513955377
0.042244061953
0.04296709578
0.043682963739
0.044391573866
0.045092835367
0.045786658624
0.04647295521
0.047151637898
0.047822620674
0.048485818744
0.049141148548
0.049788527767
0.050427875335
0.05105911145
0.051682157579
0.052296936472
0.052903372169
0.05350139001
0.054090916642
0.05467188003
0.055244209465
0.055807835569
0.056362690307
0.056908706994
0.0574458203
0.057973966261
0.058493082283
0.059003107151
0.059503981036
0.0599956455
0.060478043503
0.060951119409
0.061414818993
0.061869089444
0.062313879376
0.062749138826
0.063174819266
0.063590873602
0.063997256182
0.064393922802
0.064780830705
0.065157938591
0.065525206615
0.065882596397
0.066230071018
0.066567595031
0.066895134457
0.067212656793
0.067520131011
0.067817527562
0.068104818379
0.068381976875
0.06864897795
0.068905797989
0.069152414864
0.069388807936
0.069614958052
0.069830847551
0.070036460263
0.070231781506
0.070416798089
0.07059149831
0.070755871958
0.070909910309
0.071053606127
0.071186953665
0.07130994866
0.071422588331
0.071524871382
0.071616797997
0.071698369836
0.071769590038
0.071830463212
0.07188099544
0.07192119427
0.071951068716
0.07197062925
0.071979887805
0.071978857766
0.071967553966
0.071945992686
0.071914191646
0.071872170005
0.071819948352
0.071757548701
0.071684994492
0.071602310576
0.071509523219
0.071406660088
0.071293750253
0.071170824173
0.071037913695
0.070895052045
0.070742273824
0.070579614998
0.070407112891
0.070224806182
0.07003273489
0.069830940375
0.069619465323
0.069398353744
0.069167650958
0.06892740359
0.068677659562
0.068418468084
0.068149879641
0.067871945991
0.06758472015
0.067288256386
0.066982610208
0.066667838356
0.066343998793
0.066011150691
0.065669354427
0.065318671567
0.064959164858
0.064590898218
0.064213936723
0.063828346597
0.063434195204
0.063031551032
0.062620483682
0.062201063861
0.061773363366
0.061337455073
0.060893412928
0.06044131193
0.059981228123
0.059513238581
0.059037421396
0.058553855669
0.05806262149
0.057563799934
0.057057473038
0.056543723798
0.056022636148
0.055494294953
0.054958785988
0.054416195933
0.053866612352
0.053310123684
0.052746819227
0.052176789124
0.051600124351
0.0510169167
0.050427258765
0.049831243932
0.049228966356
0.048620520958
0.048006003398
0.047385510069
0.046759138081
0.046126985241
0.045489150044
0.044845731656
0.044196829896
0.043542545226
0.042882978731
0.042218232106
0.041548407642
0.040873608208
0.040193937234
0.039509498701
0.038820397121
0.038126737522
0.037428625433
0.036726166868
0.03601946831
0.035308636697
0.034593779401
0.033875004218
0.033152419349
0.032426133383
0.031696255284
0.030962894372
0.03022616031
0.029486163083
0.028743012988
0.027996820612
0.02724769682
0.026495752737
0.025741099731
0.024983849399
0.024224113549
0.023462004183
0.022697633485
0.021931113798
0.021162557614
0.020392077554
0.019619786354
0.018845796845
0.018070221942
0.017293174625
0.016514767921
0.015735114891
0.014954328612
0.014172522163
0.013389808605
0.012606300969
0.011822112235
0.011037355323
0.010252143069
0.009466588217
0.008680803395
0.007894901105
0.007108993705
0.006323193395
0.005537612195
0.004752361939
0.00396755425
0.003183300532
0.002399711947
0.001616899407
0.000834973553
0.000054044742
-0.000725776969
-0.001504381839
-0.002281660456
-0.003057503754
-0.003831803027
-0.004604449947
-0.005375336574
-0.006144355374
-0.006911399233
-0.007676361472
-0.008439135863
-0.00919961664
-0.009957698515
-0.010713276695
-0.011466246892
-0.01221650534
-0.012963948808
-0.013708474615
-0.014449980642
-0.015188365348
-0.015923527781
-0.016655367595
-0.01738378506
-0.018108681076
-0.018829957191
-0.019547515607
-0.020261259197
-0.020971091518
-0.021676916822
-0.02237864007
-0.023076166946
-0.023769403864
-0.024458257987
-0.025142637237
-0.025822450302
-0.026497606656
-0.027168016566
-0.027833591104
-0.028494242161
-0.029149882453
-0.02980042554
-0.03044578583
-0.031085878595
-0.031720619979
-0.03234992701
-0.032973717611
-0.033591910607
-0.03420442574
-0.034811183677
-0.035412106021
-0.036007115318
-0.036596135068
-0.03717908974
-0.03775590477
-0.038326506583
-0.038890822592
-0.039448781213
-0.04000031187
-0.040545345006
-0.041083812093
-0.041615645635
-0.042140779181
-0.042659147331
-0.043170685743
-0.043675331145
-0.044173021336
-0.044663695197
-0.045147292701
-0.045623754913
-0.046093024003
-0.046555043249
-0.047009757047
-0.047457110912
-0.047897051492
-0.048329526564
-0.04875448505
-0.049171877016
-0.049581653678
-0.049983767411
-0.050378171752
-0.050764821402
-0.051143672237
-0.051514681308
-0.051877806846
-0.052233008268
-0.052580246181
-0.052919482381
-0.053250679867
-0.053573802833
-0.053888816679
-0.054195688013
-0.05449438465
-0.054784875622
-0.055067131173
-0.055341122767
-0.055606823088
-0.055864206043
-0.056113246762
-0.056353921603
-0.056586208151
-0.056810085223
-0.057025532863
-0.057232532348
-0.05743106619
-0.057621118132
-0.057802673152
-0.057975717461
-0.058140238507
-0.058296224972
-0.05844366677
-0.058582555052
-0.058712882203
-0.058834641838
-0.058947828806
-0.059052439189
-0.059148470295
-0.059235920664
-0.05931479006
-0.059385079475
-0.059446791124
-0.059499928441
-0.059544496081
-0.059580499917
-0.059607947033
-0.059626845727
-0.059637205503
-0.059639037074
-0.059632352351
-0.059617164446
-0.059593487667
-0.059561337511
-0.059520730665
-0.059471684997
-0.059414219556
-0.059348354564
-0.059274111415
-0.059191512668
-0.059100582042
-0.059001344411
-0.058893825802
-0.058778053383
-0.058654055466
-0.058521861492
-0.058381502034
-0.058233008785
-0.058076414554
-0.057911753261
-0.057739059927
-0.057558370671
-0.057369722701
-0.05717315431
-0.056968704865
-0.056756414802
-0.056536325619
-0.056308479869
-0.056072921151
-0.0558296941
-0.055578844387
-0.055320418702
-0.055054464752
-0.054781031249
-0.054500167905
-0.05421192542
-0.053916355476
-0.053613510726
-0.053303444789
-0.052986212236
-0.052661868582
-0.052330470282
-0.051992074714
-0.051646740175
-0.051294525867
-0.050935491892
-0.050569699238
-0.050197209772
-0.049818086228
-0.049432392199
-0.049040192122
-0.048641551273
-0.048236535754
-0.047825212483
-0.047407649183
-0.046983914369
-0.046554077341
-0.046118208172
-0.045676377694
-0.045228657491
-0.044775119883
-0.04431583792
-0.043850885366
-0.04338033669
-0.042904267052
-0.042422752295
-0.04193586893
-0.041443694125
-0.040946305693
-0.040443782082
-0.039936202359
-0.0394236462
-0.038906193879
-0.038383926253
-0.037856924752
-0.037325271366
-0.03678904863
-0.036248339614
-0.035703227912
-0.035153797625
-0.034600133351
-0.034042320172
-0.03348044364
-0.032914589766
-0.032344845005
-0.031771296245
-0.031194030792
-0.030613136358
-0.030028701049
-0.02944081335
-0.028849562113
-0.028255036541
-0.02765732618
-0.027056520901
-0.02645271089
-0.025845986632
-0.0252364389
-0.024624158738
-0.024009237453
-0.023391766597
-0.022771837956
-0.022149543536
-0.021524975548
-0.020898226397
-0.020269388668
-0.019638555111
-0.019005818629
-0.018371272263
-0.017735009182
-0.017097122664
-0.016457706087
-0.015816852915
-0.015174656682
-0.014531210982
-0.013886609452
-0.013240945761
-0.012594313597
-0.011946806651
-0.011298518605
-0.01064954312
-0.009999973821
-0.009349904284
-0.008699428022
-0.008048638474
-0.007397628989
-0.006746492816
-0.006095323088
-0.005444212808
-0.00479325484
-0.004142541893
-0.00349216651
-0.002842221051
-0.002192797685
-0.001543988373
-0.000895884859
-0.000248578655
0.000397838973
0.001043277014
0.001687644729
0.00233085166
0.002972807644
0.003613422825
0.004252607668
0.004890272968
0.005526329865
0.006160689857
0.006793264808
0.007423966966
0.008052708967
0.008679403856
0.009303965092
0.009926306563
0.010546342595
0.011163987968
0.011779157924
0.012391768179
0.013001734934
0.013608974888
0.014213405249
0.014814943743
0.015413508627
0.016009018697
0.016601393305
0.017190552362
0.017776416354
0.018358906351
0.018937944018
0.019513451623
0.020085352049
0.020653568805
0.021218026035
0.021778648528
0.022335361727
0.02288809174
0.02343676535
0.023981310021
0.024521653912
0.025057725885
0.025589455512
0.026116773085
0.026639609626
0.027157896896
0.027671567401
0.028180554404
0.028684791931
0.029184214781
0.029678758532
0.030168359552
0.030652955005
0.031132482858
0.031606881892
0.032076091707
0.032540052727
0.032998706216
0.033451994274
0.033899859853
0.03434224676
0.034779099663
0.0352103641
0.035635986485
0.036055914112
0.036470095165
0.036878478722
0.037281014761
0.037677654166
0.038068348733
0.038453051176
0.038831715131
0.039204295163
0.039570746769
0.039931026387
0.040285091396
0.040632900124
0.04097441185
0.041309586813
0.04163838621
0.041960772206
0.042276707935
0.042586157504
0.042889085997
0.043185459479
0.043475245
0.043758410596
0.044034925295
0.044304759118
0.044567883082
0.044824269204
0.045073890503
0.045316721001
0.045552735729
0.045781910723
0.046004223032
0.046219650718
0.046428172856
0.046629769535
0.046824421864
0.04701211197
0.047192822997
0.047366539112
0.047533245501
0.047692928373
0.04784557496
0.047991173515
0.048129713315
0.04826118466
0.048385578872
0.048502888297
0.048613106301
0.048716227275
0.048812246629
0.048901160794
0.04898296722
0.049057664375
0.049125251745
0.049185729832
0.04923910015
0.049285365227
0.049324528603
0.049356594824
0.049381569445
0.049399459024
0.049410271121
0.049414014296
0.049410698106
0.049400333102
0.049382930827
0.049358503811
0.049327065568
0.049288630596
0.04924321437
0.049190833338
0.049131504922
0.049065247507
0.048992080445
0.048912024044
0.048825099567
0.048731329227
0.048630736184
0.048523344536
0.048409179321
0.048288266504
0.04816063298
0.048026306562
0.04788531598
0.047737690876
0.047583461793
0.047422660176
0.047255318363
0.047081469579
0.04690114793
0.046714388399
0.046521226836
0.046321699954
0.046115845325
0.045903701367
0.045685307343
0.045460703352
0.045229930322
0.044993030003
0.044750044961
0.044501018569
0.044245995
0.043985019221
0.043718136984
0.043445394821
0.04316684003
0.042882520674
0.04259248557
0.042296784282
0.04199546711
0.041688585085
0.04137618996
0.0410583342
0.040735070977
0.040406454155
0.04007253829
0.039733378613
0.039389031026
0.039039552092
0.038684999026
0.038325429685
0.037960902559
0.037591476765
0.03721721203
0.036838168692
0.036454407681
0.036065990515
0.03567297929
0.035275436667
0.034873425865
0.034467010651
0.034056255331
0.033641224736
0.033221984217
0.032798599632
0.032371137336
0.031939664172
0.03150424746
0.031064954987
0.030621854996
0.030175016177
0.029724507655
0.02927039898
0.028812760118
0.028351661436
0.027887173698
0.02741936805
0.026948316007
0.02647408945
0.025996760607
0.025516402047
0.025033086669
0.024546887688
0.024057878627
0.023566133305
0.023071725828
0.022574730573
0.022075222184
0.021573275552
0.021068965816
0.020562368339
0.020053558705
0.019542612709
0.019029606337
0.018514615766
0.017997717344
0.017478987584
0.016958503151
0.01643634085
0.015912577618
0.015387290508
0.014860556683
0.014332453401
0.013803058005
0.013272447914
0.012740700607
0.012207893617
0.011674104516
0.011139410907
0.010603890411
0.010067620655
0.009530679263
0.008993143844
0.008455091982
0.007916601221
0.007377749061
0.00683861294
0.006299270228
0.005759798211
0.005220274086
0.004680774947
0.004141377773
0.003602159419
0.003063196606
0.002524565907
0.001986343739
0.001448606354
0.000911429821
0.000374890025
-0.00016093735
-0.000695976831
-0.001230153163
-0.001763391323
-0.002295616529
-0.00282675425
-0.003356730216
-0.00388547043
-0.004412901177
-0.004938949033
-0.005463540878
-0.005986603903
-0.00650806562
-0.007027853876
-0.007545896858
-0.008062123105
-0.008576461517
-0.009088841366
-0.009599192304
-0.010107444373
-0.010613528014
-0.011117374077
-0.011618913831
-0.012118078973
-0.012614801633
-0.013109014391
-0.013600650278
-0.014089642791
-0.014575925897
-0.015059434046
-0.015540102177
-0.016017865727
-0.01649266064
-0.016964423375
-0.017433090916
-0.017898600776
-0.018360891011
-0.018819900222
-0.019275567569
-0.019727832775
-0.020176636133
-0.020621918518
-0.021063621389
-0.021501686803
-0.021936057417
-0.022366676497
-0.022793487926
-0.023216436212
-0.023635466491
-0.02405052454
-0.024461556776
-0.024868510273
-0.025271332756
-0.025669972621
-0.02606437893
-0.026454501425
-0.026840290528
-0.027221697354
-0.027598673712
-0.027971172111
-0.028339145768
-0.028702548614
-0.029061335296
-0.029415461187
-0.029764882386
-0.030109555729
-0.030449438791
-0.03078448989
-0.031114668095
-0.031439933227
-0.031760245868
-0.032075567363
-0.032385859822
-0.032691086129
-0.032991209945
-0.033286195711
-0.03357600865
-0.033860614776
-0.034139980892
-0.034414074599
-0.034682864295
-0.034946319183
-0.035204409267
-0.035457105364
-0.0357043791
-0.035946202917
-0.036182550075
-0.03641339465
-0.036638711546
-0.036858476488
-0.037072666029
-0.037281257554
-0.037484229275
-0.037681560241
-0.037873230333
-0.038059220273
-0.038239511618
-0.038414086766
-0.038582928955
-0.038746022267
-0.038903351627
-0.039054902803
-0.03920066241
-0.039340617909
-0.039474757604
-0.039603070651
-0.039725547049
-0.039842177647
-0.03995295414
-0.040057869072
-0.040156915834
-0.040250088663
-0.040337382643
-0.040418793707
-0.04049431863
-0.040563955033
-0.040627701383
-0.040685556986
-0.040737521994
-0.040783597397
-0.040823785026
-0.040858087549
-0.040886508469
-0.040909052128
-0.040925723695
-0.040936529175
-0.040941475398
-0.040940570024
-0.040933821534
-0.040921239233
-0.040902833246
-0.040878614513
-0.040848594791
-0.040812786645
-0.040771203451
-0.040723859389
-0.040670769441
-0.040611949389
-0.040547415809
-0.040477186071
-0.040401278331
-0.040319711531
-0.040232505393
-0.040139680418
-0.040041257876
-0.03993725981
-0.039827709025
-0.039712629085
-0.039592044313
-0.039465979781
-0.039334461307
-0.039197515452
-0.039055169513
-0.03890745152
-0.038754390229
-0.038596015117
-0.038432356379
-0.03826344492
-0.038089312352
-0.037909990986
-0.037725513828
-0.037535914572
-0.037341227598
-0.03714148796
-0.036936731384
-0.036726994263
-0.036512313646
-0.036292727238
-0.036068273388
-0.035838991087
-0.035604919958
-0.035366100251
-0.035122572839
-0.034874379206
-0.034621561443
-0.034364162242
-0.034102224889
-0.033835793255
-0.033564911788
-0.033289625511
-0.03300998001
-0.032726021428
-0.032437796458
-0.032145352337
-0.031848736833
-0.031547998247
-0.031243185393
-0.030934347603
-0.030621534709
-0.030304797041
-0.029984185417
-0.029659751137
-0.02933154597
-0.028999622153
-0.028664032378
-0.028324829785
-0.027982067952
-0.027635800893
-0.02728608304
-0.026932969245
-0.026576514763
-0.026216775248
-0.025853806745
-0.025487665676
-0.02511840884
-0.024746093396
-0.024370776862
-0.023992517097
-0.023611372303
-0.023227401007
-0.022840662057
-0.022451214613
-0.022059118137
-0.021664432382
-0.021267217388
-0.02086753347
-0.020465441207
-0.02006100144
-0.019654275252
-0.019245323971
-0.018834209152
-0.018420992572
-0.018005736218
-0.017588502283
-0.01716935315
-0.016748351389
-0.016325559744
-0.015901041125
-0.015474858599
-0.01504707538
-0.014617754821
-0.014186960404
-0.01375475573
-0.01332120451
-0.012886370558
-0.01245031778
-0.012013110163
-0.011574811769
-0.011135486722
-0.010695199206
-0.010254013445
-0.009811993702
-0.009369204269
-0.008925709454
-0.008481573574
-0.008036860946
-0.007591635877
-0.007145962658
-0.006699905548
-0.006253528773
-0.005806896509
-0.005360072881
-0.004913121948
-0.004466107693
-0.004019094022
-0.003572144745
-0.003125323575
-0.002678694113
-0.002232319844
-0.001786264126
-0.001340590179
-0.00089536108
-0.000450639751
-0.000006488955
0.000437028721
0.000879850866
0.001321915258
0.001763159874
0.002203522893
0.002642942712
0.003081357948
0.00351870745
0.003954930306
0.004389965853
0.004823753681
0.005256233648
0.005687345883
0.006117030796
0.006545229085
0.006971881745
0.007396930077
0.007820315694
0.00824198053
0.008661866847
0.009079917244
0.009496074663
0.0099102824
0.010322484108
0.010732623806
0.011140645891
0.011546495138
0.011950116713
0.012351456178
0.012750459498
0.013147073048
0.013541243623
0.01393291844
0.014322045149
0.01470857184
0.015092447045
0.015473619749
0.015852039399
0.016227655901
0.016600419639
0.016970281471
0.01733719274
0.01770110528
0.018061971424
0.018419744004
0.018774376364
0.019125822362
0.019474036376
0.01981897331
0.020160588604
0.02049883823
0.020833678709
0.021165067106
0.021492961044
0.021817318702
0.022138098826
0.02245526073
0.022768764303
0.023078570015
0.023384638919
0.023686932655
0.023985413461
0.02428004417
0.024570788218
0.02485760965
0.025140473121
0.0254193439
0.025694187879
0.02596497157
0.026231662114
0.026494227284
0.026752635486
0.027006855767
0.027256857813
0.027502611959
0.027744089185
0.027981261126
0.028214100071
0.028442578966
0.02866667142
0.028886351704
0.029101594757
0.029312376187
0.029518672273
0.029720459968
0.029917716903
0.030110421387
0.030298552408
0.03048208964
0.03066101344
0.030835304852
0.031004945608
0.03116991813
0.031330205532
0.031485791621
0.031636660897
0.031782798557
0.031924190494
0.032060823299
0.03219268426
0.032319761366
0.032442043306
0.032559519468
0.032672179944
0.032780015524
0.032883017703
0.032981178677
0.033074491345
0.033162949305
0.033246546863
0.033325279021
0.033399141486
0.033468130666
0.033532243669
0.033591478304
0.03364583308
0.033695307202
0.033739900576
0.033779613803
0.033814448181
0.033844405702
0.033869489051
0.033889701606
0.033905047434
0.033915531293
0.033921158627
0.033921935564
0.033917868919
0.033908966186
0.033895235541
0.033876685834
0.033853326594
0.033825168022
0.033792220987
0.03375449703
0.033712008355
0.033664767828
0.033612788978
0.033556085989
0.033494673698
0.033428567597
0.033357783821
0.033282339154
0.03320225102
0.033117537479
0.033028217228
0.032934309594
0.032835834531
0.032732812617
0.032625265051
0.032513213644
0.032396680823
0.032275689621
0.032150263673
0.032020427215
0.031886205079
0.031747622686
0.031604706044
0.031457481741
0.031305976944
0.031150219391
0.030990237388
0.030826059804
0.030657716066
0.030485236151
0.030308650588
0.030127990444
0.029943287327
0.029754573376
0.029561881255
0.02936524415
0.029164695765
0.028960270312
0.028752002508
0.028539927568
0.028324081203
0.028104499609
0.027881219464
0.027654277923
0.027423712608
0.027189561606
0.026951863463
0.026710657175
0.026465982182
0.026217878364
0.025966386034
0.02571154593
0.025453399212
0.02519198745
0.024927352623
0.02465953711
0.024388583683
0.024114535501
0.023837436103
0.023557329402
0.023274259676
0.022988271567
0.022699410064
0.022407720506
0.02211324857
0.021816040265
0.021516141924
0.0212136002
0.020908462054
0.020600774753
0.020290585859
0.019977943224
0.019662894982
0.01934548954
0.019025775575
0.018703802023
0.018379618071
0.018053273155
0.017724816944
0.017394299343
0.017061770476
0.016727280683
0.016390880514
0.016052620718
0.015712552239
0.015370726202
0.015027193915
0.014682006854
0.014335216657
0.013986875119
0.013637034181
0.013285745924
0.012933062563
0.012579036436
0.012223719998
0.011867165813
0.011509426549
0.011150554964
0.010790603907
0.010429626301
0.010067675144
0.009704803495
0.009341064469
0.008976511229
0.008611196979
0.008245174956
0.007878498419
0.007511220649
0.007143394934
0.006775074564
0.006406312824
0.006037162987
0.005667678304
0.005297911998
0.004927917256
0.004557747223
0.004187454993
0.003817093599
0.003446716011
0.003076375125
0.002706123756
0.002336014631
0.00196610038
0.001596433534
0.001227066508
0.000858051605
0.000489440999
0.000121286733
-0.000246359288
-0.000613445307
-0.000979919722
-0.001345731089
-0.001710828134
-0.002075159758
-0.002438675045
-0.002801323266
-0.00316305389
-0.003523816589
-0.003883561244
-0.004242237954
-0.00459979704
-0.004956189057
-0.005311364793
-0.005665275282
-0.006017871809
-0.006369105914
-0.006718929404
-0.007067294353
-0.007414153112
-0.007759458318
-0.008103162894
-0.008445220059
-0.008785583337
-0.009124206557
-0.009461043863
-0.009796049721
-0.010129178921
-0.010460386587
-0.010789628182
-0.011116859511
-0.01144203673
-0.011765116353
-0.012086055253
-0.01240481067
-0.012721340218
-0.01303560189
-0.01334755406
-0.013657155493
-0.013964365349
-0.014269143185
-0.014571448967
-0.014871243068
-0.015168486276
-0.015463139801
-0.015755165276
-0.016044524767
-0.016331180771
-0.016615096227
-0.016896234517
-0.017174559472
-0.017450035377
-0.017722626973
-0.017992299465
-0.018259018523
-0.018522750288
-0.018783461377
-0.019041118884
-0.019295690386
-0.019547143948
-0.019795448125
-0.020040571967
-0.020282485022
-0.020521157339
-0.020756559473
-0.020988662488
-0.021217437961
-0.021442857983
-0.021664895164
-0.021883522637
-0.022098714061
-0.02231044362
-0.022518686032
-0.022723416547
-0.022924610953
-0.023122245576
-0.023316297286
-0.023506743495
-0.023693562164
-0.023876731802
-0.024056231471
-0.024232040784
-0.024404139914
-0.024572509588
-0.024737131095
-0.024897986286
-0.025055057575
-0.02520832794
-0.025357780929
-0.025503400655
-0.025645171803
-0.025783079629
-0.02591710996
-0.0260472492
-0.026173484325
-0.026295802888
-0.026414193018
-0.026528643423
-0.026639143388
-0.02674568278
-0.026848252043
-0.026946842203
-0.027041444865
-0.027132052217
-0.027218657029
-0.027301252651
-0.027379833015
-0.027454392637
-0.027524926611
-0.027591430616
-0.027653900911
-0.027712334337
-0.027766728315
-0.027817080846
-0.027863390512
-0.027905656474
-0.02794387847
-0.027978056817
-0.028008192408
-0.028034286713
-0.028056341776
-0.028074360214
-0.028088345219
-0.02809830055
-0.028104230541
-0.02810614009
-0.028104034665
-0.028097920297
-0.028087803582
