-0.489795918367
-0.111516034985
0.117372969596
0.001229956268
-0.023574460631
0.003964988916
0.003982802819
-0.001500166665
-0.000524609575
0.000392182832
0.00003435395
-0.000084171014
0.000008194803
0.000015284956
-0.000004360055
-0.000002262813
0.000001271636
0.000000223176
-0.000000292882
0.000000007893
0.000000056868
-0.000000011726
-0.000000009222
0.00000000398
0.000000001124
-0.000000000993
-0.000000000046
0.000000000206
-0.000000000028
-0.000000000036
0.000000000012
0.000000000005
-0.000000000003
-0
0.000000000001
-0
-0
0
0
-0
-0
0
0
-0
0
0
-0
-0
0
0
-0
