1
0.985824281255
0.957883184672
0.916767809875
0.863247515924
0.798256493128
0.722878190121
0.638327847237
0.545933410502
0.447115119622
0.343364077937
0.236220122404
0.127249317049
0.018021394091
-0.089912536921
-0.195041699968
-0.295916484049
-0.39116811265
-0.479526889018
-0.559838778944
-0.631080119715
-0.692370273418
-0.742982074502
-0.782349954853
-0.810075664238
-0.825931539162
-0.829861308611
-0.821978460202
-0.802562224487
-0.772051268096
-0.731035217553
-0.680244164635
-0.620536330578
-0.552884090005
-0.478358575854
-0.398113103536
-0.313365665901
-0.225380760199
-0.135450813971
-0.04487747869
0.045046941923
0.133057667746
0.217934970345
0.298520814191
0.37373438781
0.442586320586
0.504191402434
0.557779647398
0.602705567892
0.638455553605
0.66465327739
0.681063079552
0.687591311256
0.684285646968
0.671332404492
0.649051938807
0.617892202311
0.578420588688
0.531314200308
0.477348699408
0.417385921074
0.352360441094
0.283265303799
0.211137123996
0.137040782946
0.062053940956
-0.012748411392
-0.08630914507
-0.157603715894
-0.225654217339
-0.289542573299
-0.348422696084
-0.401531452087
-0.448198296674
-0.487853460688
-0.520034593104
-0.544391787657
-0.560690945123
-0.568815447246
-0.56876614253
-0.560659668055
-0.544725154677
-0.521299385247
-0.490820496351
-0.453820333496
-0.410915587121
-0.362797852318
-0.310222768352
-0.253998404893
-0.194973070187
-0.134022722086
-0.072038165923
-0.009912223621
0.051472943768
0.111258182667
0.168619192504
0.222777709448
0.273011879297
0.318665684067
0.359157302151
0.393986298734
0.422739561191
0.445095913176
0.460829360782
0.469810944174
0.472009188251
0.467489165831
0.456410206285
0.439022301333
0.415661277366
0.386742820211
0.352755453249
0.314252583237
0.271843739715
0.226185143581
0.177969747948
0.127916899865
0.076761774753
0.025244736456
-0.025899225294
-0.075950831456
-0.124216481062
-0.170037713437
-0.212800038358
-0.251941018027
-0.286957496964
-0.317411889482
-0.342937449031
-0.363242459211
-0.378113302356
-0.38741637815
-0.391098861407
-0.389188304725
-0.381791108056
-0.369089892921
-0.351339834025
-0.328864015014
-0.302047888032
-0.271332928268
-0.23720958481
-0.200209637666
-0.160898077641
-0.119864630889
-0.077715053246
-0.03506232095
0.007482155981
0.049317173546
0.089860106428
0.128554898684
0.164879564681
0.198353100957
0.228541719429
0.255064323282
0.277597158695
0.295877588188
0.309706944597
0.318952438281
0.323548103975
0.323494787492
0.318859186076
0.309771969442
0.296425021143
0.279067851836
0.258003247004
0.233582221646
0.206198363262
0.176281651927
0.144291852448
0.110711578276
0.076039130095
0.04078121375
0.005445642381
-0.029465873612
-0.063464747882
-0.096082253916
-0.126875883923
-0.155435246074
-0.181387423103
-0.204401723978
-0.224193769957
-0.240528866559
-0.253224623812
-0.262152798335
-0.267240342167
-0.268469654763
-0.265878045868
-0.259556428082
-0.249647268568
-0.236341839418
-0.219876815597
-0.200530277891
-0.178617185963
-0.154484393126
-0.12850528
-0.101074088446
-0.072600040343
-0.043501327538
-0.014199059982
0.014888741647
0.043353024343
0.070799370739
0.096853379332
0.121165684831
0.143416552592
0.163319988103
0.180627310171
0.195130144804
0.206662805577
0.215104035473
0.220378094567
0.222455187439
0.221351233605
0.217126993557
0.209886571916
0.199775327759
0.186977230108
0.171711703949
0.154230018658
0.134811276512
0.113758063787
0.091391830825
0.068048070395
0.044071365488
0.019810378575
-0.004387145853
-0.028179294856
-0.051234748311
-0.073237322562
-0.093890235188
-0.112920034409
-0.130080142231
-0.145153966601
-0.157957544605
-0.168341685903
-0.17619359313
-0.181437943727
-0.184037425506
-0.183992726117
-0.181341984311
-0.176159718406
-0.16855525455
-0.158670684148
-0.146678386067
-0.132778154889
-0.117193981505
-0.100170536561
-0.08196941082
-0.062865169135
-0.043141276582
-0.023085956292
-0.002988038624
0.016867139391
0.036201726947
0.054749189669
0.072257925164
0.088494615748
0.103247274568
0.116327946317
0.127575029187
0.136855190521
0.144064854803
0.149131248955
0.152012996438
0.1527002581
0.151214424245
0.147607368628
0.141960281158
0.134382101838
0.125007583765
0.113995017913
0.101523656711
0.087790877208
0.07300912769
0.057402704093
0.041204404297
0.024652109412
0.007985341555
-0.008558152808
-0.024745745893
-0.040353151699
-0.055167485208
-0.068990116674
-0.081639283467
-0.092952425909
-0.102788217925
-0.111028268069
-0.117578471498
-0.122369998701
-0.12535991211
-0.12653140716
-0.125893679686
-0.123481426849
-0.119353993856
-0.113594183593
-0.106306750799
-0.097616606613
-0.087666763019
-0.07661605001
-0.064636641036
-0.051911424506
-0.038631260776
-0.024992165099
-0.011192457508
0.002570079532
0.016100995541
0.029211879594
0.041722943929
0.053465448732
0.064283936022
0.074038243672
0.082605274167
0.089880496515
0.095779163816
0.100237233274
0.103211979837
0.104682299125
0.104648699745
0.103132989531
0.100177664465
0.09584501319
0.0902159538
0.083388623212
0.075476742597
0.06660778521
0.056920975379
0.0465651494
0.035696510586
0.024476311804
0.013068499332
0.001637351982
-0.009654850994
-0.020650100608
-0.031196836114
-0.041152000753
-0.050382947857
-0.058769172431
-0.066203846161
-0.072595136891
-0.077867296927
-0.081961508028
-0.084836474573
-0.086468760062
-0.086852865836
-0.086001054537
-0.083942924458
-0.080724744319
-0.076408561311
-0.071071098253
-0.064802458475
-0.057704659508
-0.049890018782
-0.041479416293
-0.032600460619
-0.023385585602
-0.01397010569
-0.004490258033
0.004918740713
0.014124595561
0.022999766015
0.03142320553
0.039281984305
0.046472774059
0.052903175722
0.058492873459
0.063174601135
0.066894910195
0.069614730891
0.071309721849
0.071970406003
0.071602094026
0.070224599341
0.067871751707
0.064590719135
0.060441150454
0.055494153216
0.049831123768
0.043542448148
0.036726094046
0.029486115334
0.021931091574
0.01417252555
0.006323222114
-0.001504328422
-0.009199539505
-0.01665526805
-0.023769283523
-0.030445646588
-0.036595979071
-0.042140608792
-0.047009574814
-0.051143480852
-0.054494186911
-0.05702533163
-0.058712680363
-0.059544296502
-0.059520536155
-0.058653868736
-0.056968528493
-0.054500004296
-0.051294377223
-0.047407517474
-0.042904153989
-0.037856831766
-0.032344773227
-0.026452661142
-0.020269361451
-0.013886604942
-0.007397647038
-0.000895925001
0.005526268406
0.011779076218
0.017776315749
0.02343664745
0.028684658571
0.033451847489
0.037677496164
0.041309419939
0.044304585823
0.046629592337
0.048261006107
0.049185552469
0.049400159433
0.048911856496
0.047737531765
0.045903552871
0.043445258943
0.040406332702
0.036838063247
0.032798511538
0.028351591776
0.02356608289
0.018514585125
0.013272437293
0.007916610578
0.002524594917
-0.002826706187
-0.008062056855
-0.013108931068
-0.017898501727
-0.022366563278
-0.026454375778
-0.030109419557
-0.033286051046
-0.035946051893
-0.038059065092
-0.039602913553
-0.040563798266
-0.040936374956
-0.040723709881
-0.039937117086
-0.038595881134
-0.036726870835
-0.034364051016
-0.031547900679
-0.028324747124
-0.024746026669
-0.020867483464
-0.01674831865
-0.012450302601
-0.008036863369
-0.003572164562
0.000879814109
0.005256180639
0.009496006314
0.013541161055
0.017337097265
0.020833571809
0.023985296765
0.026752510746
0.029101463822
0.031004810395
0.032441905774
0.033399003609
0.033869352786
0.033853193858
0.033357656459
0.032396560587
0.030990125911
0.02916459454
0.026951773821
0.024388506778
0.021516078719
0.018379569323
0.01502716017
0.011509408133
0.007878495439
0.004187467334
0.000489468332
-0.003163012104
-0.006718873904
-0.010129110633
-0.013347474081
-0.016331090355
-0.019041019418
-0.021442750969
-0.023506630528
-0.025208210681
-0.026528523578
-0.027454271931
-0.02797793697
-0.028097802999
