0.985832469526
0.95789877449
0.916789701423
0.863274330386
0.798286612968
0.722909804598
0.63835900214
0.545962061013
0.447139185143
0.343381497729
0.236228910841
0.127247617339
0.018007529338
-0.089940016377
-0.195083973911
-0.295974425332
-0.391242256503
-0.479617409355
-0.55994547218
-0.631202396458
-0.692507158237
-0.743132213824
-0.782511632894
-0.810246826699
-0.826109824295
-0.830044085103
-0.822162871203
-0.802745236996
-0.772229726792
-0.73120590211
-0.680403849457
-0.620681845852
-0.553012382955
-0.478466771041
-0.398198561088
-0.313426036568
-0.225414036191
-0.135455374595
-0.04485212991
0.045102934808
0.133144554964
0.218052500604
0.298668226116
0.373910410133
0.442789181182
0.504418846171
0.558028962586
0.602973620991
0.63873883169
0.66494793775
0.68136500565
0.687896174193
0.684588971473
0.671629638372
0.649338524754
0.618163650874
0.578672551232
0.531542540737
0.47754956346
0.417555802031
0.352496240787
0.283364387858
0.211197370404
0.137060623027
0.062032392071
-0.012811722056
-0.086413966077
-0.157749166827
-0.225838793914
-0.289764162342
-0.348678600209
-0.401818423768
-0.448512581261
-0.488190847739
-0.520390475318
-0.544761226516
-0.561068742281
-0.569196220588
-0.569144405737
-0.561029912473
-0.545081932226
-0.521637391083
-0.491134650017
-0.454105857272
-0.411168080365
-0.363013360618
-0.310397846392
-0.254130172039
-0.195059257889
-0.134061712334
-0.07202902011
-0.009854701334
0.051578376368
0.111410355066
0.168816242655
0.223017107057
0.273290459262
0.318979689605
0.359502437003
0.394357787696
0.423132218079
0.445504215244
0.46124752847
0.470233025031
0.472429143762
0.467900959862
0.456807893828
0.439400116207
0.41601371757
0.387064729641
0.353042098548
0.314499724611
0.27204769466
0.226342842536
0.178078781046
0.127975554053
0.076769060727
0.025200404976
-0.025994677951
-0.076096169015
-0.124409743667
-0.170276244737
-0.213080522873
-0.252259528256
-0.287309549534
-0.317792509532
-0.343341241876
-0.363663688227
-0.378545971951
-0.387854320592
-0.391535826232
-0.389618049409
-0.382207488613
-0.369486953097
-0.35171189177
-0.329205744974
-0.302354398833
-0.27159983347
-0.237433066488
-0.200386501691
-0.161025799851
-0.119941393483
-0.077739770877
-0.035034656136
0.007561788332
0.049447612568
0.090039462561
0.128780581522
0.165148320969
0.19866106218
0.228884458279
0.255436918165
0.277994265325
0.296293517209
0.310135744098
0.319387979988
0.323984171851
0.323925167459
0.319277755549
0.310172785365
0.296802405254
0.279416471932
0.258318193016
0.233859075457
0.206433261237
0.17647133929
0.144433728725
0.110803733167
0.076080369287
0.040771074316
0.005384397574
-0.029577220208
-0.063624478727
-0.096287964153
-0.127124517855
-0.155723142924
-0.181710371364
-0.204755023541
-0.224572301086
-0.240927164693
-0.253636959102
-0.262573258725
-0.267662918836
-0.268888328654
-0.266286874066
-0.259949628793
-0.250019303467
-0.236687492192
-0.220191265554
-0.200809167613
-0.178856682019
-0.154681239022
-0.12865684061
-0.101178385346
-0.072655777541
-0.043507907301
-0.014156588552
0.014979458479
0.043490495694
0.070981444877
0.097077277309
0.121428042979
0.143713473226
0.163647097672
0.180979823979
0.195502937333
0.207050485386
0.215501023559
0.220778705059
0.22285370943
0.221742012962
0.217504513516
0.210245531315
0.200110715793
0.18728439655
0.171986423845
0.154468550603
0.135010413693
0.1139151771
0.091504903492
0.06811572362
0.044092874835
0.019785680889
-0.004457455046
-0.028293973368
-0.051391928507
-0.073434541425
-0.094124472739
-0.113187759902
-0.130377367393
-0.145476305139
-0.158300277064
-0.168699828936
-0.176561972147
-0.181811267863
-0.184410363823
-0.184359983938
-0.181698378584
-0.176500251035
-0.16887518264
-0.158965586185
-0.146944223103
-0.133011325891
-0.117391372099
-0.100329560524
-0.082088043766
-0.062941973957
-0.043175420343
-0.023077218368
-0.002936810047
0.016959865332
0.036334372655
0.054919619424
0.072463479125
0.088732151219
0.103513213904
0.116618330739
0.127885577688
0.137181362997
0.144401918467
0.14947434708
0.152357218398
0.153040709732
0.151546297504
0.147926009539
0.142261255122
0.134661255357
0.125261101741
0.114219475719
0.101716066339
0.087948726862
0.073130414307
0.057485958386
0.041248707992
0.024657104509
0.007951231524
-0.008630609852
-0.024855251884
-0.040497890914
-0.055345153793
-0.069197958923
-0.081874134291
-0.093210758841
-0.103066197938
-0.111321808412
-0.117883293718
-0.122681694955
-0.12567400888
-0.12684342943
-0.126199214676
-0.123776186388
-0.119633874524
-0.113855323778
-0.106545583883
-0.09782990956
-0.087851699692
-0.076770208658
-0.064758065439
-0.051998638395
-0.038683285225
-0.025008528698
-0.011173199216
0.002624414825
0.016189368629
0.029332775534
0.041874397249
0.053645074874
0.06448896851
0.074265576438
0.082851508386
0.090141991249
0.09605208971
0.100517628518
0.103495807577
0.10496550549
0.104927271659
0.103403011485
0.100435373455
0.096086851034
0.090438616132
0.083589104464
0.075652376361
0.066756279451
0.05704044203
0.046654127957
0.035753985439
0.024501723073
0.013061747135
0.001598794117
-0.009724407873
-0.020749416127
-0.031324257373
-0.041305489219
-0.050560111523
-0.05896730275
-0.066419959176
-0.07282601795
-0.078109548307
-0.082211598774
-0.085090791814
-0.086723661071
-0.087104730071
-0.086246334939
-0.084178197262
-0.0809467567
-0.07661427619
-0.071257735651
-0.064967532865
-0.057846012651
-0.050005847628
-0.041568295596
-0.032661359966
-0.023417880697
-0.013973583745
-0.004465117266
0.004971897429
0.014204772749
0.023105593134
0.031552959693
0.039433617819
0.046643946348
0.053091289136
0.058695112434
0.063387974108
0.06711629366
0.069840914946
0.071537456568
0.072196447982
0.071823252415
0.070437780728
0.068074003222
0.064779269169
0.060613446441
0.055647895969
0.049964297898
0.043653348179
0.036813345892
0.029548692865
0.021968328091
0.014184120042
0.006309240256
-0.001543458491
-0.009263036526
-0.016742011919
-0.023877834265
-0.0305742677
-0.036742664878
-0.042303115378
-0.047185454062
-0.051330117083
-0.054688835562
-0.057225159426
-0.058914806369
-0.059745833492
-0.059718631682
-0.058845745337
-0.057151522452
-0.054671602444
-0.051452251251
-0.047549555304
-0.043028487782
-0.037961862197
-0.032429189722
-0.026515457819
-0.020309848581
-0.013904415813
-0.007392740161
-0.00086858167
0.005575451116
0.011849196878
0.017866184224
0.023544804501
0.028809399103
0.033591247075
0.037829440431
0.041471636388
0.044474677587
0.046805073395
0.048439337432
0.049364178585
0.049576544864
0.049083521579
0.047902087341
0.046058733348
0.043588953298
0.040536612987
0.036953210224
0.0328970371
0.028432257873
0.023627916719
0.018556890406
0.013294801505
0.007918908098
0.002506986047
-0.002863780243
-0.008117882959
-0.013182536894
-0.017988672064
-0.022471859631
-0.026573158949
-0.03023987486
-0.033426215773
-0.036093844616
-0.038212316365
-0.03975939757
-0.040721265008
-0.041092582376
-0.040876455651
-0.040084269483
-0.038735408609
-0.03685686988
-0.034482771934
-0.031653770915
-0.028416391859
-0.02482228639
-0.020927428315
-0.016791259372
-0.012475797951
-0.008044723939
-0.003562452984
0.000906786538
0.005299860834
0.009555609645
0.013615684774
0.017425336903
0.020934140276
0.024096645847
0.026872954689
0.029229204622
0.031137964442
0.032578531441
0.033537129386
0.03400700557
0.033988426969
0.03348857701
0.032521355813
0.031107088096
0.029272144203
0.027048480849
0.024473109222
0.021587499018
0.018436927743
0.015069785295
0.011536844301
0.007890507031
0.004184039895
0.000470806546
-0.003196489536
-0.006766542372
-0.010190150567
-0.013420884561
-0.016415705151
-0.019135525223
-0.021545707531
-0.02361649238
-0.025323350144
-0.026647254698
-0.027574875002
-0.02809868328
-0.028216979457
-0.027933832676
