0.985799198251
0.957817726746
0.916648245313
0.863062050711
0.79799559888
0.722534876069
0.637897871079
0.545415424216
0.446510747645
0.342677926501
0.235459720173
0.126424988567
0.017146068862
-0.090823575669
-0.195971121586
-0.296845265578
-0.392075935518
-0.480392569333
-0.560640722752
-0.631796794132
-0.692980684229
-0.74346624072
-0.782689370776
-0.810253739762
-0.825934009523
-0.829676605282
-0.821598035376
-0.801980822432
-0.771267137633
-0.730050260981
-0.679064019583
-0.619170382488
-0.551345414203
-0.476663809463
-0.396282248743
-0.311421827359
-0.223349820549
-0.133361052588
-0.042759139841
0.047162124423
0.135136981429
0.21994526194
0.300429045265
0.375508198684
0.444194592775
0.505604809833
0.558971186537
0.603651057889
0.639134096881
0.66504767283
0.681160180522
0.687382321785
0.683766350393
0.670503319947
0.647918402139
0.616464369225
0.576713359214
0.529347064988
0.475145508891
0.414974582098
0.349772543066
0.280535681338
0.208303361921
0.13414267115
0.059132887488
-0.015649999988
-0.089148506514
-0.160338387939
-0.228242696209
-0.291944964322
-0.350601346119
-0.403451553575
-0.449828453525
-0.489166206767
-0.521006854798
-0.545005282816
-0.560932511654
-0.5686772957
-0.568246028204
-0.559760979362
-0.543456915845
-0.519676172726
-0.488862269684
-0.451552182715
-0.408367400061
-0.360003906504
-0.307221253291
-0.250830881731
-0.191683876666
-0.130658331626
-0.068646510399
-0.006541989996
0.054773032353
0.114440090474
0.171636288457
0.225585467143
0.275568549075
0.320932926843
0.36110077525
0.395576184697
0.423951031347
0.445909518758
0.461231345437
0.469793472912
0.471570489117
0.466633581906
0.455148156986
0.437370153325
0.41364112679
0.384382189264
0.350086905442
0.311313262896
0.268674842446
0.222831325441
0.174478482022
0.124337789737
0.073145835008
0.02164365087
-0.029433856896
-0.079368246495
-0.127467496482
-0.173075445943
-0.215580591916
-0.254424128419
-0.289107123817
-0.319196746985
-0.344331467453
-0.364225170363
-0.378670143281
-0.387538908532
-0.390784891465
-0.388441931714
-0.380622660809
-0.367515785278
-0.349382329301
-0.326550905006
-0.299412091295
-0.268412013614
-0.234045227052
-0.196847013641
-0.157385211417
-0.116251697788
-0.074053652929
-0.031404730239
0.01108373958
0.052811386539
0.0931971612
0.131687301703
0.167762800579
0.20094627252
0.230808134235
0.256972018484
0.279119356396
0.296993074886
0.310400369293
0.319214525065
0.32337577614
0.322891201562
0.317833675431
0.308339898552
0.29460755274
0.276891630605
0.255500004593
0.230788308935
0.203154216862
0.173031202847
0.14088188566
0.107191052624
0.072458468534
0.037191574293
0.001898180411
-0.032920740956
-0.066778064555
-0.099207224629
-0.12976854053
-0.158055071131
-0.183697921699
-0.206370935732
-0.225794713947
-0.241739912973
-0.254029787207
-0.262541948507
-0.267209329898
-0.268020350921
-0.265018293613
-0.2582999092
-0.248013286185
-0.234355020556
-0.217566738186
-0.197931027924
-0.175766851472
-0.151424502543
-0.125280193241
-0.097730349717
-0.069185702155
-0.040065255833
-0.010790230461
0.018221945788
0.046563503151
0.073841976796
0.099685556053
0.12374806469
0.145713506844
0.165300120296
0.1822638866
0.196401455995
0.207552453921
0.215601145219
0.220477441529
0.222157246933
0.22066214633
0.21605845032
0.208455619264
0.198004097713
0.184892598281
0.169344881324
0.151616083253
0.131988651975
0.1107679527
0.088277611113
0.064854663706
0.040844586785
0.016596276394
-0.007542948959
-0.03123225219
-0.054142019944
-0.075958378326
-0.09638742123
-0.115159095386
-0.132030691886
-0.146789900255
-0.159257387975
-0.169288875609
-0.176776685248
-0.181650747823
-0.183879062659
-0.18346761055
-0.180459729344
-0.174934968531
-0.167007446488
-0.156823740738
-0.144560347785
-0.130420754678
-0.114632169336
-0.097441960882
-0.079113864579
-0.059924008545
-0.040156821138
-0.020100878758
-0.000044753791
0.019727078393
0.038938216188
0.057324137489
0.074635782861
0.090642868487
0.105136885743
0.117933749294
0.128876061167
0.137834964121
0.144711563871
0.149437906122
0.15197750087
0.152325392974
0.150507784438
0.146581220131
0.140631354699
0.132771324104
0.12313975051
0.111898414016
0.099229629005
0.085333366501
0.070424166977
0.054727890368
0.038478351697
0.021913891671
0.005273931797
-0.011204436881
-0.027289783541
-0.042759539746
-0.057403030411
-0.071024293025
-0.083444648135
-0.094504988174
-0.104067756168
-0.112018590664
-0.118267618285
-0.122750380589
-0.125428387282
-0.126289293239
-0.125346702173
-0.12263960504
-0.118231466338
-0.112208976244
-0.10468049107
-0.095774188545
-0.085635968177
-0.07442713007
-0.062321868282
-0.049504616906
-0.036167288616
-0.022506446359
-0.008720449279
0.004993386297
0.018441570745
0.031437131206
0.043802170996
0.055370263925
0.065988651901
0.07552021745
0.08384520637
0.090862679632
0.096491677786
0.100672085437
0.103365187786
0.104553915733
0.104242780467
0.102457502905
0.099244347547
0.094669174423
0.088816226557
0.081786673917
0.073696937972
0.06467682371
0.054867488378
0.044419278052
0.033489464613
0.022239916636
0.010834738169
-0.000562090645
-0.011789037682
-0.0226892752
-0.033112837426
-0.042918650162
-0.051976405439
-0.060168256832
-0.067390313944
-0.073553917697
-0.078586681481
-0.082433286691
-0.085056024889
-0.086435082467
-0.086568567462
-0.085472281786
-0.083179245725
-0.079738984973
-0.075216593684
-0.069691590009
-0.063256583317
-0.056015774651
-0.048083314085
-0.039581540294
-0.030639128994
-0.021389177796
-0.011967255555
-0.002509444374
0.006849597853
0.015978527173
0.024751129456
0.03304803772
0.040758327935
0.04778097241
0.054026132159
0.059416272207
0.063887086543
0.067388222283
0.069883795644
0.071352695357
0.07178867224
0.071200216699
0.069610228902
0.067055489253
0.063585939516
0.059263787474
0.054162450324
0.048365354095
0.041964608155
0.035059575388
0.027755359797
0.020161234172
0.012389030949
0.004551519641
-0.003239205979
-0.010873308205
-0.018244731258
-0.025252651841
-0.031802834864
-0.037808876462
-0.043193318282
-0.047888619049
-0.051837971683
-0.054995956533
-0.05732902384
-0.05881580096
-0.059447222522
-0.059226484165
-0.058168823025
-0.056301130546
-0.053661405491
-0.050298057174
-0.046269070937
-0.041641049649
-0.036488146603
-0.030890906464
-0.024935032045
-0.018710095432
-0.012308212536
-0.0058227004
0.00065326346
0.007027960686
0.013212412266
0.019121601684
0.024675624486
0.029800749003
0.034430374462
0.03850587433
0.041977314578
0.044804038449
0.046955111328
0.048409621394
0.049156833842
0.049196198567
0.048537213272
0.047199146013
0.045210623101
0.042609090125
0.039440155533
0.03575682777
0.031618658283
0.027090803901
0.022243023029
0.017148620832
0.0118833591
0.006524346758
0.001148927024
-0.004166422941
-0.00934716447
-0.014321727094
-0.019022481518
-0.023386642875
-0.02735709243
-0.030883107252
-0.033920988795
-0.036434582916
-0.038395685505
-0.039784329585
-0.040588951492
-0.040806435521
-0.040442038095
-0.039509194271
-0.038029210994
-0.036030853045
-0.0335498291
-0.030628186595
-0.027313625278
-0.023658740347
-0.0197202069
-0.015557918103
-0.011234089959
-0.006812345844
-0.002356794093
0.002068888191
0.006402352201
0.010583442895
0.014555021066
0.018263730944
0.021660703238
0.024702184558
0.027350085319
0.029572439538
0.031343771242
0.032645363609
0.033465428423
0.033799174848
0.033648777967
0.033023248972
0.031938210232
0.030415579789
0.028483171033
0.026174214454
0.023526809341
0.020583314227
0.017389685567
0.01399477479
0.010449594268
0.006806563068
0.00311874346
-0.000560920841
-0.004180353941
-0.007689074072
-0.01103888697
-0.014184536957
-0.017084307095
-0.019700560615
-0.022000216791
-0.023955155421
-0.025542545211
-0.026745092472
-0.027551207742
-0.027955089129
-0.027956722388
-0.027561798893
