1
0.343364077937
-0.631080119715
-0.731035217553
0.045046941923
0.66465327739
0.417385921074
-0.289542573299
-0.560659668055
-0.134022722086
0.393986298734
0.386742820211
-0.075950831456
-0.38741637815
-0.200209637666
0.198353100957
0.309771969442
0.04078121375
-0.240528866559
-0.200530277891
0.070799370739
0.222455187439
0.091391830825
-0.130080142231
-0.16855525455
-0.002988038624
0.144064854803
0.101523656711
-0.055167485208
-0.125893679686
-0.038631260776
0.082605274167
0.0902159538
-0.009654850994
-0.084836474573
-0.049890018782
0.039281984305
0.070224599341
0.01417252555
-0.051143480852
-0.047407517474
0.011779076218
0.049185552469
0.02356608289
-0.026454375778
-0.038595881134
-0.003572164562
0.031004810395
0.024388506778
-0.010129110633
-0.028097802999
